61,29,28,30,19,12,26,37,187,155,154,152,149,138,156,163,61,29,28,30,19,12,26,37,187,155,154,152,149,138,156,163,61,29,28,30,19,12,26,37,187,155,154,152,149,138,156,163,61,29,28,30,19,12,26,37,187,155,154,152,149,138,156,163,61,29,28,30,19,12,26,37,187,155,154,152,149,138,156,163,61,29,28,30,19,12,26,37,187,155,154,152,149,138,156,163,61,29,28,30,
19,12,26,37,187,155,154,152,149,138,156,163,61,29,28,30,19,12,26,37,187,155,154,152,149,138,156,163,61,29,28,30,19,12,26,37,187,155,154,152,149,138,156,163,61,29,28,30,19,12,26,37,187,155,154,152,149,138,156,163,61,29,28,30,19,12,26,37,187,155,154,152,149,138,156,163,61,29,28,30,19,12,26,37,187,155,154,152,149,138,156,163,61,29,28,30,19,12,26,37,
187,155,154,152,149,138,156,163,61,29,28,30,19,12,26,37,187,155,154,152,149,138,156,163,61,29,28,30,19,12,26,37,187,155,154,152,149,138,156,163,61,29,28,30,19,12,26,37,187,155,154,152,149,138,156,163,61,29,28,30,19,12,26,37,187,155,154,152,149,138,156,163,61,29,28,30,19,12,26,37,187,155,154,152,149,138,156,163,61,29,28,30,19,12,26,37,187,155,154,152,
149,138,156,163,61,29,28,30,19,12,26,37,187,155,154,152,149,138,156,163,61,29,28,30,19,12,26,37,187,155,154,152,149,138,156,163,61,29,28,30,19,12,26,37,187,155,154,152,149,138,156,163,61,29,28,30,19,12,26,37,187,155,154,152,149,138,156,163,61,29,28,30,19,12,26,37,187,155,154,152,149,138,156,163,61,29,28,30,19,12,26,37,187,155,154,152,149,138,156,163,
61,29,28,30,19,12,26,37,187,155,154,152,149,138,156,163,61,29,28,30,19,12,26,37,187,155,154,152,149,138,156,163,61,29,28,30,19,12,26,37,187,155,154,152,149,138,156,163,61,29,28,30,19,12,26,37,187,155,154,152,149,138,156,163,61,29,28,30,19,12,26,37,187,155,154,152,149,138,156,163,61,29,28,30,19,12,26,37,187,155,154,152,149,138,156,163,61,29,28,30,
19,12,26,37,187,155,154,152,149,138,156,163,61,29,28,30,19,12,26,37,187,155,154,152,149,138,156,163,61,29,28,30,19,12,26,37,187,155,154,152,149,138,156,163,61,29,28,30,19,12,26,37,187,155,154,152,149,138,156,163,61,29,28,30,19,12,26,37,187,155,154,152,149,138,156,163,61,29,28,30,19,12,26,37,187,155,154,152,149,138,156,163,61,29,28,30,19,12,26,37,
187,155,154,152,149,138,156,163,61,29,28,30,19,12,26,37,187,155,154,152,149,138,156,163,61,29,28,30,19,12,26,37,187,155,154,152,149,138,156,163,61,29,28,30,19,12,26,37,187,155,154,152,149,138,156,163,61,29,28,30,19,12,26,37,187,155,154,152,149,138,156,163,61,29,28,30,19,12,26,37,187,155,154,152,149,138,156,163,61,29,28,30,19,12,26,37,187,155,154,152,
149,138,156,163,61,29,28,30,19,12,26,37,187,155,154,152,149,138,156,163,61,29,28,30,19,12,26,37,187,155,154,152,149,138,156,163,61,29,28,30,19,12,26,37,187,155,154,152,149,138,156,163,61,29,28,30,19,12,26,37,187,155,154,152,149,138,156,163,61,29,28,30,19,12,26,37,187,155,154,152,149,138,156,163,61,29,28,30,19,12,26,37,187,155,154,152,149,138,156,163,
61,29,28,30,19,12,26,37,187,155,154,152,149,138,156,163,61,29,28,30,19,12,26,37,187,155,154,152,149,138,156,163,61,29,28,30,19,12,26,37,187,155,154,152,149,138,156,163,61,29,28,30,19,12,26,37,187,155,154,152,149,138,156,163,61,29,28,30,19,12,26,37,187,155,154,152,149,138,156,163,61,29,28,30,19,12,26,37,187,155,154,152,149,138,156,163,61,29,28,30,
19,12,26,37,187,155,154,152,149,138,156,163,61,29,28,30,19,12,26,37,187,155,154,152,149,138,156,163,61,29,28,30,19,12,26,37,187,155,154,152,149,138,156,163,61,29,28,30,19,12,26,37,187,155,154,152,149,138,156,163,61,29,28,30,19,12,26,37,187,155,154,152,149,138,156,163,61,29,28,30,19,12,26,37,187,155,154,152,149,138,156,163,61,29,28,30,19,12,26,37,
187,155,154,152,149,138,156,163,61,29,28,30,19,12,26,37,187,155,154,152,149,138,156,163,61,29,28,30,19,12,26,37,187,155,154,152,149,138,156,163,61,29,28,30,19,12,26,37,187,155,154,152,149,138,156,163,61,29,28,30,19,12,26,37,187,155,154,152,149,138,156,163,61,29,28,30,19,12,26,37,187,155,154,152,149,138,156,163,61,29,28,30,19,12,26,37,187,155,154,152,
149,138,156,163,61,29,28,30,19,12,26,37,187,155,154,152,149,138,156,163,61,29,28,30,19,12,26,37,187,155,154,152,149,138,156,163,61,29,28,30,19,12,26,37,187,155,154,152,149,138,156,163,61,29,28,30,19,12,26,37,187,155,154,152,149,138,156,163,61,29,28,30,19,12,26,37,187,155,154,152,149,138,156,163,61,29,28,30,19,12,26,37,187,155,154,152,149,138,156,163,
61,29,28,30,19,12,26,37,187,155,154,152,149,138,156,163,61,29,28,30,19,12,26,37,187,155,154,152,149,138,156,163,61,29,28,30,19,12,26,37,187,155,154,152,149,138,156,163,61,29,28,30,19,12,26,37,187,155,154,152,149,138,156,163,61,29,28,30,19,12,26,37,187,155,154,152,149,138,156,163,61,29,28,30,19,12,26,37,187,155,154,152,149,138,156,163,61,29,28,30,
19,12,26,37,187,155,154,152,149,138,156,163,61,29,28,30,19,12,26,37,187,155,154,152,149,138,156,163,61,29,28,30,19,12,26,37,187,155,154,152,149,138,156,163,61,29,28,30,19,12,26,37,187,155,154,152,149,138,156,163,61,29,28,30,19,12,26,37,187,155,154,152,149,138,156,163,61,29,28,30,19,12,26,37,187,155,154,152,149,138,156,163,61,29,28,30,19,12,26,37,
187,155,154,152,149,138,156,163,61,29,28,30,19,12,26,37,187,155,154,152,149,138,156,163,61,29,28,30,19,12,26,37,187,155,154,152,149,138,156,163,61,29,28,30,19,12,26,37,187,155,154,152,149,138,156,163,61,29,28,30,19,12,26,37,187,155,154,152,149,138,156,163,61,29,28,30,19,12,26,37,187,155,154,152,149,138,156,163,61,29,28,30,19,12,26,37,187,155,154,152,
149,138,156,163,61,29,28,30,19,12,26,37,187,155,154,152,149,138,156,163,61,29,28,30,19,12,26,37,187,155,154,152,149,138,156,163,61,29,28,30,19,12,26,37,187,155,154,152,149,138,156,163,61,29,28,30,19,12,26,37,187,155,154,152,149,138,156,163,61,29,28,30,19,12,26,37,187,155,154,152,149,138,156,163,61,29,28,30,19,12,26,37,187,155,154,152,149,138,156,163,
61,29,28,30,19,12,26,37,187,155,154,152,149,138,156,163,61,29,28,30,19,12,26,37,187,155,154,152,149,138,156,163,61,29,28,30,19,12,26,37,187,155,154,152,149,138,156,163,61,29,28,30,19,12,26,37,187,155,154,152,149,138,156,163,61,29,28,30,19,12,26,37,187,155,154,152,149,138,156,163,61,29,28,30,19,12,26,37,187,155,154,152,149,138,156,163,61,29,28,30,
19,12,26,37,187,155,154,152,149,138,156,163,61,29,28,30,19,12,26,37,187,155,154,152,149,138,156,163,61,29,28,30,19,12,26,37,187,155,154,152,149,138,156,163,61,29,28,30,19,12,26,37,187,155,154,152,149,138,156,163,61,29,28,30,19,12,26,37,187,155,154,152,149,138,156,163,61,29,28,30,19,12,26,37,187,155,154,152,149,138,156,163,61,29,28,30,19,12,26,37,
187,155,154,152,149,138,156,163,61,29,28,30,19,12,26,37,187,155,154,152,149,138,156,163,61,29,28,30,19,12,26,37,187,155,154,152,149,138,156,163,61,29,28,30,19,12,26,37,187,155,154,152,149,138,156,163,61,29,28,30,19,12,26,37,187,155,154,152,149,138,156,163,61,29,28,30,19,12,26,37,187,155,154,152,149,138,156,163,61,29,28,30,19,12,26,37,187,155,154,152,
149,138,156,163,61,29,28,30,19,12,26,37,187,155,154,152,149,138,156,163,61,29,28,30,19,12,26,37,187,155,154,152,149,138,156,163,61,29,28,30,19,12,26,37,187,155,154,152,149,138,156,163,61,29,28,30,19,12,26,37,187,155,154,152,149,138,156,163,61,29,28,30,19,12,26,37,187,155,154,152,149,138,156,163,61,29,28,30,19,12,26,37,187,155,154,152,149,138,156,163,
61,29,28,30,19,12,26,37,187,155,154,152,149,138,156,163,61,29,28,30,19,12,26,37,187,155,154,152,149,138,156,163,61,29,28,30,19,12,26,37,187,155,154,152,149,138,156,163,61,29,28,30,19,12,26,37,187,155,154,152,149,138,156,163,61,29,28,30,19,12,26,37,187,155,154,152,149,138,156,163,61,29,28,30,19,12,26,37,187,155,154,152,149,138,156,163,61,29,28,30,
19,12,26,37,187,155,154,152,149,138,156,163,61,29,28,30,19,12,26,37,187,155,154,152,149,138,156,163,61,29,28,30,19,12,26,37,187,155,154,152,149,138,156,163,61,29,28,30,19,12,26,37,187,155,154,152,149,138,156,163,61,29,28,30,19,12,26,37,187,155,154,152,149,138,156,163,61,29,28,30,19,12,26,37,187,155,154,152,149,138,156,163,61,29,28,30,19,12,26,37,
187,155,154,152,149,138,156,163,61,29,28,30,19,12,26,37,187,155,154,152,149,138,156,163,61,29,28,30,19,12,26,37,187,155,154,152,149,138,156,163,61,29,28,30,19,12,26,37,187,155,154,152,149,138,156,163,61,29,28,30,19,12,26,37,187,155,154,152,149,138,156,163,61,29,28,30,19,12,26,37,187,155,154,152,149,138,156,163,61,29,28,30,19,12,26,37,187,155,154,152,
149,138,156,163,61,29,28,30,19,12,26,37,187,155,154,152,149,138,156,163,61,29,28,30,19,12,26,37,187,155,154,152,149,138,156,163,61,29,28,30,19,12,26,37,187,155,154,152,149,138,156,163,61,29,28,30,19,12,26,37,187,155,154,152,149,138,156,163,61,29,28,30,19,12,26,37,187,155,154,152,149,138,156,163,61,29,28,30,19,12,26,37,187,155,154,152,149,138,156,163,
61,29,28,30,19,12,26,37,187,155,154,152,149,138,156,163,61,29,28,30,19,12,26,37,187,155,154,152,149,138,156,163,61,29,28,30,19,12,26,37,187,155,154,152,149,138,156,163,61,29,28,30,19,12,26,37,187,155,154,152,149,138,156,163,61,29,28,30,19,12,26,37,187,155,154,152,149,138,156,163,61,29,28,30,19,12,26,37,187,155,154,152,149,138,156,163,61,29,28,30,
19,12,26,37,187,155,154,152,149,138,156,163,61,29,28,30,19,12,26,37,187,155,154,152,149,138,156,163,61,29,28,30,19,12,26,37,187,155,154,152,149,138,156,163,61,29,28,30,19,12,26,37,187,155,154,152,149,138,156,163,61,29,28,30,19,12,26,37,187,155,154,152,149,138,156,163,61,29,28,30,19,12,26,37,187,155,154,152,149,138,156,163,61,29,28,30,19,12,26,37,
187,155,154,152,149,138,156,163,61,29,28,30,19,12,26,37,187,155,154,152,149,138,156,163,61,29,28,30,19,12,26,37,187,155,154,152,149,138,156,163,61,29,28,30,19,12,26,37,187,155,154,152,149,138,156,163,61,29,28,30,19,12,26,37,187,155,154,152,149,138,156,163,61,29,28,30,19,12,26,37,187,155,154,152,149,138,156,163,61,29,28,30,19,12,26,37,187,155,154,152,
149,138,156,163,61,29,28,30,19,12,26,37,187,155,154,152,149,138,156,163,61,29,28,30,19,12,26,37,187,155,154,152,149,138,156,163,61,29,28,30,19,12,26,37,187,155,154,152,149,138,156,163,61,29,28,30,19,12,26,37,187,155,154,152,149,138,156,163,61,29,28,30,19,12,26,37,187,155,154,152,149,138,156,163,61,29,28,30,19,12,26,37,187,155,154,152,149,138,156,163,
61,29,28,30,19,12,26,37,187,155,154,152,149,138,156,163,61,29,28,30,19,12,26,37,187,155,154,152,149,138,156,163,61,29,28,30,19,12,26,37,187,155,154,152,149,138,156,163,61,29,28,30,19,12,26,37,187,155,154,152,149,138,156,163,61,29,28,30,19,12,26,37,187,155,154,152,149,138,156,163,61,29,28,30,19,12,26,37,187,155,154,152,149,138,156,163,61,29,28,30,
19,12,26,37,187,155,154,152,149,138,156,163,61,29,28,30,19,12,26,37,187,155,154,152,149,138,156,163,61,29,28,30,19,12,26,37,187,155,154,152,149,138,156,163,61,29,28,30,19,12,26,37,187,155,154,152,149,138,156,163,61,29,28,30,19,12,26,37,187,155,154,152,149,138,156,163,61,29,28,30,19,12,26,37,187,155,154,152,149,138,156,163,61,29,28,30,19,12,26,37,
187,155,154,152,149,138,156,163,61,29,28,30,19,12,26,37,187,155,154,152,149,138,156,163,61,29,28,30,19,12,26,37,187,155,154,152,149,138,156,163,61,29,28,30,19,12,26,37,187,155,154,152,149,138,156,163,61,29,28,30,19,12,26,37,187,155,154,152,149,138,156,163,61,29,28,30,19,12,26,37,187,155,154,152,149,138,156,163,61,29,28,30,19,12,26,37,187,155,154,152,
149,138,156,163,61,29,28,30,19,12,26,37,187,155,154,152,149,138,156,163,61,29,28,30,19,12,26,37,187,155,154,152,149,138,156,163,61,29,28,30,19,12,26,37,187,155,154,152,149,138,156,163,61,29,28,30,19,12,26,37,187,155,154,152,149,138,156,163,61,29,28,30,19,12,26,37,187,155,154,152,149,138,156,163,61,29,28,30,19,12,26,37,187,155,154,152,149,138,156,163,
61,29,28,30,19,12,26,37,187,155,154,152,149,138,156,163,61,29,28,30,19,12,26,37,187,155,154,152,149,138,156,163,61,29,28,30,19,12,26,37,187,155,154,152,149,138,156,163,61,29,28,30,19,12,26,37,187,155,154,152,149,138,156,163,61,29,28,30,19,12,26,37,187,155,154,152,149,138,156,163,61,29,28,30,19,12,26,37,187,155,154,152,149,138,156,163,61,29,28,30,
19,12,26,37,187,155,154,152,149,138,156,163,61,29,28,30,19,12,26,37,187,155,154,152,149,138,156,163,61,29,28,30,19,12,26,37,187,155,154,152,149,138,156,163,61,29,28,30,19,12,26,37,187,155,154,152,149,138,156,163,61,29,28,30,19,12,26,37,187,155,154,152,149,138,156,163,61,29,28,30,19,12,26,37,187,155,154,152,149,138,156,163,61,29,28,30,19,12,26,37,
187,155,154,152,149,138,156,163,61,29,28,30,19,12,26,37,187,155,154,152,149,138,156,163,61,29,28,30,19,12,26,37,187,155,154,152,149,138,156,163,61,29,28,30,19,12,26,37,187,155,154,152,149,138,156,163,61,29,28,30,19,12,26,37,187,155,154,152,149,138,156,163,61,29,28,30,19,12,26,37,187,155,154,152,149,138,156,163,61,29,28,30,19,12,26,37,187,155,154,152,
149,138,156,163,61,29,28,30,19,12,26,37,187,155,154,152,149,138,156,163,61,29,28,30,19,12,26,37,187,155,154,152,149,138,156,163,61,29,28,30,19,12,26,37,187,155,154,152,149,138,156,163,61,29,28,30,19,12,26,37,187,155,154,152,149,138,156,163,61,29,28,30,19,12,26,37,187,155,154,152,149,138,156,163,61,29,28,30,19,12,26,37,187,155,154,152,149,138,156,163,
61,29,28,30,19,12,26,37,187,155,154,152,149,138,156,163,61,29,28,30,19,12,26,37,187,155,154,152,149,138,156,163,61,29,28,30,19,12,26,37,187,155,154,152,149,138,156,163,61,29,28,30,19,12,26,37,187,155,154,152,149,138,156,163,61,29,28,30,19,12,26,37,187,155,154,152,149,138,156,163,61,29,28,30,19,12,26,37,187,155,154,152,149,138,156,163,61,29,28,30,
19,12,26,37,187,155,154,152,149,138,156,163,61,29,28,30,19,12,26,37,187,155,154,152,149,138,156,163,61,29,28,30,19,12,26,37,187,155,154,152,149,138,156,163,61,29,28,30,19,12,26,37,187,155,154,152,149,138,156,163,61,29,28,30,19,12,26,37,187,155,154,152,149,138,156,163,61,29,28,30,19,12,26,37,187,155,154,152,149,138,156,163,61,29,28,30,19,12,26,37,
187,155,154,152,149,138,156,163,61,29,28,30,19,12,26,37,187,155,154,152,149,138,156,163,61,29,28,30,19,12,26,37,187,155,154,152,149,138,156,163,61,29,28,30,19,12,26,37,187,155,154,152,149,138,156,163,61,29,28,30,19,12,26,37,187,155,154,152,149,138,156,163,61,29,28,30,19,12,26,37,187,155,154,152,149,138,156,163,61,29,28,30,19,12,26,37,187,155,154,152,
149,138,156,163,61,29,28,30,19,12,26,37,187,155,154,152,149,138,156,163,61,29,28,30,19,12,26,37,187,155,154,152,149,138,156,163,61,29,28,30,19,12,26,37,187,155,154,152,149,138,156,163,61,29,28,30,19,12,26,37,187,155,154,152,149,138,156,163,61,29,28,30,19,12,26,37,187,155,154,152,149,138,156,163,61,29,28,30,19,12,26,37,187,155,154,152,149,138,156,163,
61,29,28,30,19,12,26,37,187,155,154,152,149,138,156,163,61,29,28,30,19,12,26,37,187,155,154,152,149,138,156,163,61,29,28,30,19,12,26,37,187,155,154,152,149,138,156,163,61,29,28,30,19,12,26,37,187,155,154,152,149,138,156,163,61,29,28,30,19,12,26,37,187,155,154,152,149,138,156,163,61,29,28,30,19,12,26,37,187,155,154,152,149,138,156,163,61,29,28,30,
19,12,26,37,187,155,154,152,149,138,156,163,61,29,28,30,19,12,26,37,187,155,154,152,149,138,156,163,61,29,28,30,19,12,26,37,187,155,154,152,149,138,156,163,61,29,28,30,19,12,26,37,187,155,154,152,149,138,156,163,61,29,28,30,19,12,26,37,187,155,154,152,149,138,156,163,61,29,28,30,19,12,26,37,187,155,154,152,149,138,156,163,61,29,28,30,19,12,26,37,
187,155,154,152,149,138,156,163,61,29,28,30,19,12,26,37,187,155,154,152,149,138,156,163,61,29,28,30,19,12,26,37,187,155,154,152,149,138,156,163,61,29,28,30,19,12,26,37,187,155,154,152,149,138,156,163,61,29,28,30,19,12,26,37,187,155,154,152,149,138,156,163,61,29,28,30,19,12,26,37,187,155,154,152,149,138,156,163,61,29,28,30,19,12,26,37,187,155,154,152,
149,138,156,163,61,29,28,30,19,12,26,37,187,155,154,152,149,138,156,163,61,29,28,30,19,12,26,37,187,155,154,152,149,138,156,163,61,29,28,30,19,12,26,37,187,155,154,152,149,138,156,163,61,29,28,30,19,12,26,37,187,155,154,152,149,138,156,163,61,29,28,30,19,12,26,37,187,155,154,152,149,138,156,163,61,29,28,30,19,12,26,37,187,155,154,152,149,138,156,163,
61,29,28,30,19,12,26,37,187,155,154,152,149,138,156,163,61,29,28,30,19,12,26,37,187,155,154,152,149,138,156,163,61,29,28,30,19,12,26,37,187,155,154,152,149,138,156,163,61,29,28,30,19,12,26,37,187,155,154,152,149,138,156,163,61,29,28,30,19,12,26,37,187,155,154,152,149,138,156,163,61,29,28,30,19,12,26,37,187,155,154,152,149,138,156,163,61,29,28,30,
19,12,26,37,187,155,154,152,149,138,156,163,61,29,28,30,19,12,26,37,187,155,154,152,149,138,156,163,61,29,28,30,19,12,26,37,187,155,154,152,149,138,156,163,61,29,28,30,19,12,26,37,187,155,154,152,149,138,156,163,61,29,28,30,19,12,26,37,187,155,154,152,149,138,156,163,61,29,28,30,19,12,26,37,187,155,154,152,149,138,156,163,61,29,28,30,19,12,26,37,
187,155,154,152,149,138,156,163,61,29,28,30,19,12,26,37,187,155,154,152,149,138,156,163,61,29,28,30,19,12,26,37,187,155,154,152,149,138,156,163,61,29,28,30,19,12,26,37,187,155,154,152,149,138,156,163,61,29,28,30,19,12,26,37,187,155,154,152,149,138,156,163,61,29,28,30,19,12,26,37,187,155,154,152,149,138,156,163,61,29,28,30,19,12,26,37,187,155,154,152,
149,138,156,163,61,29,28,30,19,12,26,37,187,155,154,152,149,138,156,163,61,29,28,30,19,12,26,37,187,155,154,152,149,138,156,163,61,29,28,30,19,12,26,37,187,155,154,152,149,138,156,163,61,29,28,30,19,12,26,37,187,155,154,152,149,138,156,163,61,29,28,30,19,12,26,37,187,155,154,152,149,138,156,163,61,29,28,30,19,12,26,37,187,155,154,152,149,138,156,163,
61,29,28,30,19,12,26,37,187,155,154,152,149,138,156,163,61,29,28,30,19,12,26,37,187,155,154,152,149,138,156,163,61,29,28,30,19,12,26,37,187,155,154,152,149,138,156,163,61,29,28,30,19,12,26,37,187,155,154,152,149,138,156,163,61,29,28,30,19,12,26,37,187,155,154,152,149,138,156,163,61,29,28,30,19,12,26,37,187,155,154,152,149,138,156,163,61,29,28,30,
19,12,26,37,187,155,154,152,149,138,156,163,61,29,28,30,19,12,26,37,187,155,154,152,149,138,156,163,61,29,28,30,19,12,26,37,187,155,154,152,149,138,156,163,61,29,28,30,19,12,26,37,187,155,154,152,149,138,156,163,61,29,28,30,19,12,26,37,187,155,154,152,149,138,156,163,61,29,28,30,19,12,26,37,187,155,154,152,149,138,156,163,61,29,28,30,19,12,26,37,
187,155,154,152,149,138,156,163,61,29,28,30,19,12,26,37,187,155,154,152,149,138,156,163,61,29,28,30,19,12,26,37,187,155,154,152,149,138,156,163,61,29,28,30,19,12,26,37,187,155,154,152,149,138,156,163,61,29,28,30,19,12,26,37,187,155,154,152,149,138,156,163,61,29,28,30,19,12,26,37,187,155,154,152,149,138,156,163,61,29,28,30,19,12,26,37,187,155,154,152,
149,138,156,163,61,29,28,30,19,12,26,37,187,155,154,152,149,138,156,163,61,29,28,30,19,12,26,37,187,155,154,152,149,138,156,163,61,29,28,30,19,12,26,37,187,155,154,152,149,138,156,163,61,29,28,30,19,12,26,37,187,155,154,152,149,138,156,163,61,29,28,30,19,12,26,37,187,155,154,152,149,138,156,163,61,29,28,30,19,12,26,37,187,155,154,152,149,138,156,163,
61,29,28,30,19,12,26,37,187,155,154,152,149,138,156,163,61,29,28,30,19,12,26,37,187,155,154,152,149,138,156,163,61,29,28,30,19,12,26,37,187,155,154,152,149,138,156,163,61,29,28,30,19,12,26,37,187,155,154,152,149,138,156,163,61,29,28,30,19,12,26,37,187,155,154,152,149,138,156,163,61,29,28,30,19,12,26,37,187,155,154,152,149,138,156,163,61,29,28,30,
19,12,26,37,187,155,154,152,149,138,156,163,61,29,28,30,19,12,26,37,187,155,154,152,149,138,156,163,61,29,28,30,19,12,26,37,187,155,154,152,149,138,156,163,61,29,28,30,19,12,26,37,187,155,154,152,149,138,156,163,61,29,28,30,19,12,26,37,187,155,154,152,149,138,156,163,61,29,28,30,19,12,26,37,187,155,154,152,149,138,156,163,61,29,28,30,19,12,26,37,
187,155,154,152,149,138,156,163,61,29,28,30,19,12,26,37,187,155,154,152,149,138,156,163,61,29,28,30,19,12,26,37,187,155,154,152,149,138,156,163,61,29,28,30,19,12,26,37,187,155,154,152,149,138,156,163,61,29,28,30,19,12,26,37,187,155,154,152,149,138,156,163,61,29,28,30,19,12,26,37,187,155,154,152,149,138,156,163,61,29,28,30,19,12,26,37,187,155,154,152,
149,138,156,163,61,29,28,30,19,12,26,37,187,155,154,152,149,138,156,163,61,29,28,30,19,12,26,37,187,155,154,152,149,138,156,163,61,29,28,30,19,12,26,37,187,155,154,152,149,138,156,163,61,29,28,30,19,12,26,37,187,155,154,152,149,138,156,163,61,29,28,30,19,12,26,37,187,155,154,152,149,138,156,163,61,29,28,30,19,12,26,37,187,155,154,152,149,138,156,163,
61,29,28,30,19,12,26,37,187,155,154,152,149,138,156,163,61,29,28,30,19,12,26,37,187,155,154,152,149,138,156,163,61,29,28,30,19,12,26,37,187,155,154,152,149,138,156,163,61,29,28,30,19,12,26,37,187,155,154,152,149,138,156,163,61,29,28,30,19,12,26,37,187,155,154,152,149,138,156,163,61,29,28,30,19,12,26,37,187,155,154,152,149,138,156,163,61,29,28,30,
19,12,26,37,187,155,154,152,149,138,156,163,61,29,28,30,19,12,26,37,187,155,154,152,149,138,156,163,61,29,28,30,19,12,26,37,187,155,154,152,149,138,156,163,61,29,28,30,19,12,26,37,187,155,154,152,149,138,156,163,61,29,28,30,19,12,26,37,187,155,154,152,149,138,156,163,61,29,28,30,19,12,26,37,187,155,154,152,149,138,156,163,61,29,28,30,19,12,26,37,
187,155,154,152,149,138,156,163,61,29,28,30,19,12,26,37,187,155,154,152,149,138,156,163,61,29,28,30,19,12,26,37,187,155,154,152,149,138,156,163,61,29,28,30,19,12,26,37,187,155,154,152,149,138,156,163,61,29,28,30,19,12,26,37,187,155,154,152,149,138,156,163,61,29,28,30,19,12,26,37,187,155,154,152,149,138,156,163,61,29,28,30,19,12,26,37,187,155,154,152,
149,138,156,163,61,29,28,30,19,12,26,37,187,155,154,152,149,138,156,163,61,29,28,30,19,12,26,37,187,155,154,152,149,138,156,163,61,29,28,30,19,12,26,37,187,155,154,152,149,138,156,163,61,29,28,30,19,12,26,37,187,155,154,152,149,138,156,163,61,29,28,30,19,12,26,37,187,155,154,152,149,138,156,163,61,29,28,30,19,12,26,37,187,155,154,152,149,138,156,163,
61,29,28,30,19,12,26,37,187,155,154,152,149,138,156,163,61,29,28,30,19,12,26,37,187,155,154,152,149,138,156,163,61,29,28,30,19,12,26,37,187,155,154,152,149,138,156,163,61,29,28,30,19,12,26,37,187,155,154,152,149,138,156,163,61,29,28,30,19,12,26,37,187,155,154,152,149,138,156,163,61,29,28,30,19,12,26,37,187,155,154,152,149,138,156,163,61,29,28,30,
19,12,26,37,187,155,154,152,149,138,156,163,61,29,28,30,19,12,26,37,187,155,154,152,149,138,156,163,61,29,28,30,19,12,26,37,187,155,154,152,149,138,156,163,61,29,28,30,19,12,26,37,187,155,154,152,149,138,156,163,61,29,28,30,19,12,26,37,187,155,154,152,149,138,156,163,61,29,28,30,19,12,26,37,187,155,154,152,149,138,156,163,61,29,28,30,19,12,26,37,
187,155,154,152,149,138,156,163,61,29,28,30,19,12,26,37,187,155,154,152,149,138,156,163,61,29,28,30,19,12,26,37,187,155,154,152,149,138,156,163,61,29,28,30,19,12,26,37,187,155,154,152,149,138,156,163,61,29,28,30,19,12,26,37,187,155,154,152,149,138,156,163,61,29,28,30,19,12,26,37,187,155,154,152,149,138,156,163,61,29,28,30,19,12,26,37,187,155,154,152,
149,138,156,163,61,29,28,30,19,12,26,37,187,155,154,152,149,138,156,163,61,29,28,30,19,12,26,37,187,155,154,152,149,138,156,163,61,29,28,30,19,12,26,37,187,155,154,152,149,138,156,163,61,29,28,30,19,12,26,37,187,155,154,152,149,138,156,163,61,29,28,30,19,12,26,37,187,155,154,152,149,138,156,163,61,29,28,30,19,12,26,37,187,155,154,152,149,138,156,163,
61,29,28,30,19,12,26,37,187,155,154,152,149,138,156,163,61,29,28,30,19,12,26,37,187,155,154,152,149,138,156,163,61,29,28,30,19,12,26,37,187,155,154,152,149,138,156,163,61,29,28,30,19,12,26,37,187,155,154,152,149,138,156,163,61,29,28,30,19,12,26,37,187,155,154,152,149,138,156,163,61,29,28,30,19,12,26,37,187,155,154,152,149,138,156,163,61,29,28,30,
19,12,26,37,187,155,154,152,149,138,156,163,61,29,28,30,19,12,26,37,187,155,154,152,149,138,156,163,61,29,28,30,19,12,26,37,187,155,154,152,149,138,156,163,61,29,28,30,19,12,26,37,187,155,154,152,149,138,156,163,61,29,28,30,19,12,26,37,187,155,154,152,149,138,156,163,61,29,28,30,19,12,26,37,187,155,154,152,149,138,156,163,61,29,28,30,19,12,26,37,
187,155,154,152,149,138,156,163,61,29,28,30,19,12,26,37,187,155,154,152,149,138,156,163,61,29,28,30,19,12,26,37,187,155,154,152,149,138,156,163,61,29,28,30,19,12,26,37,187,155,154,152,149,138,156,163,61,29,28,30,19,12,26,37,187,155,154,152,149,138,156,163,61,29,28,30,19,12,26,37,187,155,154,152,149,138,156,163,61,29,28,30,19,12,26,37,187,155,154,152,
149,138,156,163,61,29,28,30,19,12,26,37,187,155,154,152,149,138,156,163,61,29,28,30,19,12,26,37,187,155,154,152,149,138,156,163,61,29,28,30,19,12,26,37,187,155,154,152,149,138,156,163,61,29,28,30,19,12,26,37,187,155,154,152,149,138,156,163,61,29,28,30,19,12,26,37,187,155,154,152,149,138,156,163,61,29,28,30,19,12,26,37,187,155,154,152,149,138,156,163,
61,29,28,30,19,12,26,37,187,155,154,152,149,138,156,163,61,29,28,30,19,12,26,37,187,155,154,152,149,138,156,163,61,29,28,30,19,12,26,37,187,155,154,152,149,138,156,163,61,29,28,30,19,12,26,37,187,155,154,152,149,138,156,163,61,29,28,30,19,12,26,37,187,155,154,152,149,138,156,163,61,29,28,30,19,12,26,37,187,155,154,152,149,138,156,163,61,29,28,30,
19,12,26,37,187,155,154,152,149,138,156,163,61,29,28,30,19,12,26,37,187,155,154,152,149,138,156,163,61,29,28,30,19,12,26,37,187,155,154,152,149,138,156,163,61,29,28,30,19,12,26,37,187,155,154,152,149,138,156,163,61,29,28,30,19,12,26,37,187,155,154,152,149,138,156,163,61,29,28,30,19,12,26,37,187,155,154,152,149,138,156,163,61,29,28,30,19,12,26,37,
187,155,154,152,149,138,156,163,61,29,28,30,19,12,26,37,187,155,154,152,149,138,156,163,61,29,28,30,19,12,26,37,187,155,154,152,149,138,156,163,61,29,28,30,19,12,26,37,187,155,154,152,149,138,156,163,61,29,28,30,19,12,26,37,187,155,154,152,149,138,156,163,61,29,28,30,19,12,26,37,187,155,154,152,149,138,156,163,61,29,28,30,19,12,26,37,187,155,154,152,
149,138,156,163,61,29,28,30,19,12,26,37,187,155,154,152,149,138,156,163,61,29,28,30,19,12,26,37,187,155,154,152,149,138,156,163,61,29,28,30,19,12,26,37,187,155,154,152,149,138,156,163,61,29,28,30,19,12,26,37,187,155,154,152,149,138,156,163,61,29,28,30,19,12,26,37,187,155,154,152,149,138,156,163,61,29,28,30,19,12,26,37,187,155,154,152,149,138,156,163,
61,29,28,30,19,12,26,37,187,155,154,152,149,138,156,163,61,29,28,30,19,12,26,37,187,155,154,152,149,138,156,163,61,29,28,30,19,12,26,37,187,155,154,152,149,138,156,163,61,29,28,30,19,12,26,37,187,155,154,152,149,138,156,163,61,29,28,30,19,12,26,37,187,155,154,152,149,138,156,163,61,29,28,30,19,12,26,37,187,155,154,152,149,138,156,163,61,29,28,30,
19,12,26,37,187,155,154,152,149,138,156,163,61,29,28,30,19,12,26,37,187,155,154,152,149,138,156,163,61,29,28,30,19,12,26,37,187,155,154,152,149,138,156,163,61,29,28,30,19,12,26,37,187,155,154,152,149,138,156,163,61,29,28,30,19,12,26,37,187,155,154,152,149,138,156,163,61,29,28,30,19,12,26,37,187,155,154,152,149,138,156,163,61,29,28,30,19,12,26,37,
187,155,154,152,149,138,156,163,61,29,28,30,19,12,26,37,187,155,154,152,149,138,156,163,61,29,28,30,19,12,26,37,187,155,154,152,149,138,156,163,61,29,28,30,19,12,26,37,187,155,154,152,149,138,156,163,61,29,28,30,19,12,26,37,187,155,154,152,149,138,156,163,61,29,28,30,19,12,26,37,187,155,154,152,149,138,156,163,61,29,28,30,19,12,26,37,187,155,154,152,
149,138,156,163,61,29,28,30,19,12,26,37,187,155,154,152,149,138,156,163,61,29,28,30,19,12,26,37,187,155,154,152,149,138,156,163,61,29,28,30,19,12,26,37,187,155,154,152,149,138,156,163,61,29,28,30,19,12,26,37,187,155,154,152,149,138,156,163,61,29,28,30,19,12,26,37,187,155,154,152,149,138,156,163,61,29,28,30,19,12,26,37,187,155,154,152,149,138,156,163,
61,29,28,30,19,12,26,37,187,155,154,152,149,138,156,163,61,29,28,30,19,12,26,37,187,155,154,152,149,138,156,163,61,29,28,30,19,12,26,37,187,155,154,152,149,138,156,163,61,29,28,30,19,12,26,37,187,155,154,152,149,138,156,163,61,29,28,30,19,12,26,37,187,155,154,152,149,138,156,163,61,29,28,30,19,12,26,37,187,155,154,152,149,138,156,163,61,29,28,30,
19,12,26,37,187,155,154,152,149,138,156,163,61,29,28,30,19,12,26,37,187,155,154,152,149,138,156,163,61,29,28,30,19,12,26,37,187,155,154,152,149,138,156,163,61,29,28,30,19,12,26,37,187,155,154,152,149,138,156,163,61,29,28,30,19,12,26,37,187,155,154,152,149,138,156,163,61,29,28,30,19,12,26,37,187,155,154,152,149,138,156,163,61,29,28,30,19,12,26,37,
187,155,154,152,149,138,156,163,61,29,28,30,19,12,26,37,187,155,154,152,149,138,156,163,61,29,28,30,19,12,26,37,187,155,154,152,149,138,156,163,61,29,28,30,19,12,26,37,187,155,154,152,149,138,156,163,61,29,28,30,19,12,26,37,187,155,154,152,149,138,156,163,61,29,28,30,19,12,26,37,187,155,154,152,149,138,156,163,61,29,28,30,19,12,26,37,187,155,154,152,
149,138,156,163,61,29,28,30,19,12,26,37,187,155,154,152,149,138,156,163,61,29,28,30,19,12,26,37,187,155,154,152,149,138,156,163,61,29,28,30,19,12,26,37,187,155,154,152,149,138,156,163,61,29,28,30,19,12,26,37,187,155,154,152,149,138,156,163,61,29,28,30,19,12,26,37,187,155,154,152,149,138,156,163,61,29,28,30,19,12,26,37,187,155,154,152,149,138,156,163,
61,29,28,30,19,12,26,37,187,155,154,152,149,138,156,163,61,29,28,30,19,12,26,37,187,155,154,152,149,138,156,163,61,29,28,30,19,12,26,37,187,155,154,152,149,138,156,163,61,29,28,30,19,12,26,37,187,155,154,152,149,138,156,163,61,29,28,30,19,12,26,37,187,155,154,152,149,138,156,163,61,29,28,30,19,12,26,37,187,155,154,152,149,138,156,163,61,29,28,30,
19,12,26,37,187,155,154,152,149,138,156,163,61,29,28,30,19,12,26,37,187,155,154,152,149,138,156,163,61,29,28,30,19,12,26,37,187,155,154,152,149,138,156,163,61,29,28,30,19,12,26,37,187,155,154,152,149,138,156,163,61,29,28,30,19,12,26,37,187,155,154,152,149,138,156,163,61,29,28,30,19,12,26,37,187,155,154,152,149,138,156,163,61,29,28,30,19,12,26,37,
187,155,154,152,149,138,156,163,61,29,28,30,19,12,26,37,187,155,154,152,149,138,156,163,61,29,28,30,19,12,26,37,187,155,154,152,149,138,156,163,61,29,28,30,19,12,26,37,187,155,154,152,149,138,156,163,61,29,28,30,19,12,26,37,187,155,154,152,149,138,156,163,61,29,28,30,19,12,26,37,187,155,154,152,149,138,156,163,61,29,28,30,19,12,26,37,187,155,154,152,
149,138,156,163,61,29,28,30,19,12,26,37,187,155,154,152,149,138,156,163,61,29,28,30,19,12,26,37,187,155,154,152,149,138,156,163,61,29,28,30,19,12,26,37,187,155,154,152,149,138,156,163,61,29,28,30,19,12,26,37,187,155,154,152,149,138,156,163,61,29,28,30,19,12,26,37,187,155,154,152,149,138,156,163,61,29,28,30,19,12,26,37,187,155,154,152,149,138,156,163,
61,29,28,30,19,12,26,37,187,155,154,152,149,138,156,163,61,29,28,30,19,12,26,37,187,155,154,152,149,138,156,163,61,29,28,30,19,12,26,37,187,155,154,152,149,138,156,163,61,29,28,30,19,12,26,37,187,155,154,152,149,138,156,163,61,29,28,30,19,12,26,37,187,155,154,152,149,138,156,163,61,29,28,30,19,12,26,37,187,155,154,152,149,138,156,163,61,29,28,30,
19,12,26,37,187,155,154,152,149,138,156,163,61,29,28,30,19,12,26,37,187,155,154,152,149,138,156,163,61,29,28,30,19,12,26,37,187,155,154,152,149,138,156,163,61,29,28,30,19,12,26,37,187,155,154,152,149,138,156,163,61,29,28,30,19,12,26,37,187,155,154,152,149,138,156,163,61,29,28,30,19,12,26,37,187,155,154,152,149,138,156,163,61,29,28,30,19,12,26,37,
187,155,154,152,149,138,156,163,61,29,28,30,19,12,26,37,187,155,154,152,149,138,156,163,61,29,28,30,19,12,26,37,187,155,154,152,149,138,156,163,61,29,28,30,19,12,26,37,187,155,154,152,149,138,156,163,61,29,28,30,19,12,26,37,187,155,154,152,149,138,156,163,61,29,28,30,19,12,26,37,187,155,154,152,149,138,156,163,61,29,28,30,19,12,26,37,187,155,154,152,
149,138,156,163,61,29,28,30,19,12,26,37,187,155,154,152,149,138,156,163,61,29,28,30,19,12,26,37,187,155,154,152,149,138,156,163,61,29,28,30,19,12,26,37,187,155,154,152,149,138,156,163,61,29,28,30,19,12,26,37,187,155,154,152,149,138,156,163,61,29,28,30,19,12,26,37,187,155,154,152,149,138,156,163,61,29,28,30,19,12,26,37,187,155,154,152,149,138,156,163,
61,29,28,30,19,12,26,37,187,155,154,152,149,138,156,163,61,29,28,30,19,12,26,37,187,155,154,152,149,138,156,163,61,29,28,30,19,12,26,37,187,155,154,152,149,138,156,163,61,29,28,30,19,12,26,37,187,155,154,152,149,138,156,163,61,29,28,30,19,12,26,37,187,155,154,152,149,138,156,163,61,29,28,30,19,12,26,37,187,155,154,152,149,138,156,163,61,29,28,30,
19,12,26,37,187,155,154,152,149,138,156,163,61,29,28,30,19,12,26,37,187,155,154,152,149,138,156,163,61,29,28,30,19,12,26,37,187,155,154,152,149,138,156,163,61,29,28,30,19,12,26,37,187,155,154,152,149,138,156,163,61,29,28,30,19,12,26,37,187,155,154,152,149,138,156,163,61,29,28,30,19,12,26,37,187,155,154,152,149,138,156,163,61,29,28,30,19,12,26,37,
187,155,154,152,149,138,156,163,61,29,28,30,19,12,26,37,187,155,154,152,149,138,156,163,61,29,28,30,19,12,26,37,187,155,154,152,149,138,156,163,61,29,28,30,19,12,26,37,187,155,154,152,149,138,156,163,61,29,28,30,19,12,26,37,187,155,154,152,149,138,156,163,61,29,28,30,19,12,26,37,187,155,154,152,149,138,156,163,61,29,28,30,19,12,26,37,187,155,154,152,
149,138,156,163,61,29,28,30,19,12,26,37,187,155,154,152,149,138,156,163,61,29,28,30,19,12,26,37,187,155,154,152,149,138,156,163,61,29,28,30,19,12,26,37,187,155,154,152,149,138,156,163,61,29,28,30,19,12,26,37,187,155,154,152,149,138,156,163,61,29,28,30,19,12,26,37,187,155,154,152,149,138,156,163,61,29,28,30,19,12,26,37,187,155,154,152,149,138,156,163,
61,29,28,30,19,12,26,37,187,155,154,152,149,138,156,163,61,29,28,30,19,12,26,37,187,155,154,152,149,138,156,163,61,29,28,30,19,12,26,37,187,155,154,152,149,138,156,163,61,29,28,30,19,12,26,37,187,155,154,152,149,138,156,163,61,29,28,30,19,12,26,37,187,155,154,152,149,138,156,163,61,29,28,30,19,12,26,37,187,155,154,152,149,138,156,163,61,29,28,30,
19,12,26,37,187,155,154,152,149,138,156,163,61,29,28,30,19,12,26,37,187,155,154,152,149,138,156,163,61,29,28,30,19,12,26,37,187,155,154,152,149,138,156,163,61,29,28,30,19,12,26,37,187,155,154,152,149,138,156,163,61,29,28,30,19,12,26,37,187,155,154,152,149,138,156,163,61,29,28,30,19,12,26,37,187,155,154,152,149,138,156,163,61,29,28,30,19,12,26,37,
187,155,154,152,149,138,156,163,61,29,28,30,19,12,26,37,187,155,154,152,149,138,156,163,61,29,28,30,19,12,26,37,187,155,154,152,149,138,156,163,61,29,28,30,19,12,26,37,187,155,154,152,149,138,156,163,61,29,28,30,19,12,26,37,187,155,154,152,149,138,156,163,61,29,28,30,19,12,26,37,187,155,154,152,149,138,156,163,61,29,28,30,19,12,26,37,187,155,154,152,
149,138,156,163,61,29,28,30,19,12,26,37,187,155,154,152,149,138,156,163,61,29,28,30,19,12,26,37,187,155,154,152,149,138,156,163,61,29,28,30,19,12,26,37,187,155,154,152,149,138,156,163,61,29,28,30,19,12,26,37,187,155,154,152,149,138,156,163,61,29,28,30,19,12,26,37,187,155,154,152,149,138,156,163,61,29,28,30,19,12,26,37,187,155,154,152,149,138,156,163,
61,29,28,30,19,12,26,37,187,155,154,152,149,138,156,163,61,29,28,30,19,12,26,37,187,155,154,152,149,138,156,163,61,29,28,30,19,12,26,37,187,155,154,152,149,138,156,163,61,29,28,30,19,12,26,37,187,155,154,152,149,138,156,163,61,29,28,30,19,12,26,37,187,155,154,152,149,138,156,163,61,29,28,30,19,12,26,37,187,155,154,152,149,138,156,163,61,29,28,30,
19,12,26,37,187,155,154,152,149,138,156,163,61,29,28,30,19,12,26,37,187,155,154,152,149,138,156,163,61,29,28,30,19,12,26,37,187,155,154,152,149,138,156,163,61,29,28,30,19,12,26,37,187,155,154,152,149,138,156,163,61,29,28,30,19,12,26,37,187,155,154,152,149,138,156,163,61,29,28,30,19,12,26,37,187,155,154,152,149,138,156,163,61,29,28,30,19,12,26,37,
187,155,154,152,149,138,156,163,61,29,28,30,19,12,26,37,187,155,154,152,149,138,156,163,61,29,28,30,19,12,26,37,187,155,154,152,149,138,156,163,61,29,28,30,19,12,26,37,187,155,154,152,149,138,156,163,61,29,28,30,19,12,26,37,187,155,154,152,149,138,156,163,61,29,28,30,19,12,26,37,187,155,154,152,149,138,156,163,61,29,28,30,19,12,26,37,187,155,154,152,
149,138,156,163,61,29,28,30,19,12,26,37,187,155,154,152,149,138,156,163,61,29,28,30,19,12,26,37,187,155,154,152,149,138,156,163,61,29,28,30,19,12,26,37,187,155,154,152,149,138,156,163,61,29,28,30,19,12,26,37,187,155,154,152,149,138,156,163,61,29,28,30,19,12,26,37,187,155,154,152,149,138,156,163,61,29,28,30,19,12,26,37,187,155,154,152,149,138,156,163,
