|31 ||31||255||254||252||249||238||0  ||0||7  ||7||255||26 ||26||0  ||0||232||212||182||204||206||210||205||214||200||213||232||223||218||226||236||237||224||229||233||230||235||236||235||233||233||232||237||231||224||236||232||222||242||221||234||226||232||228||232||249||235||230||222||225||240||225||222||241||225||219||211||215||211||254||2  ||2||8  ||8||248||255||253||245||241||10 ||10||251||6  ||6||3  ||3||5  ||5||3  ||3||13 ||13||37 ||37||61 ||61||37 ||37||253||218||211||226||227||226||224||232||218||227||223||221||237||223||217||205||252||14 ||14|
|0  ||0||239||246||230||247||242||247||252||0  ||0||253||246||226||192||176||170||196||183||196||201||177||201||209||200||216||193||211||214||219||215||207||210||197||200||222||216||204||202||211||208||207||224||207||211||220||208||194||203||227||207||208||207||222||216||222||214||207||217||204||193||217||190||196||199||198||222||235||250||245||229||242||236||238||242||243||240||234||250||241||250||27 ||27||42 ||42||40 ||40||4  ||4||198||212||206||201||217||208||217||210||190||221||220||203||209||208||217||202||188|
|27 ||27||247||238||246||248||240||243||240||252||253||253||225||199||146||172||170||190||184||195||183||179||204||200||192||207||207||210||194||222||234||219||233||221||219||201||211||211||220||215||204||218||216||213||204||217||227||224||189||218||215||214||217||201||201||209||204||194||201||232||208||213||217||185||198||222||240||248||236||243||244||255||251||252||247||231||249||254||235||235||1  ||1||37 ||37||46 ||46||43 ||43||204||204||205||198||202||220||214||201||204||206||213||216||209||225||182||157||170|
|9  ||9||238||240||242||240||247||248||244||2  ||2||2  ||2||250||236||185||174||192||173||196||198||180||186||187||190||194||210||219||204||204||212||221||218||199||214||218||211||235||216||223||221||213||206||196||201||221||223||195||232||195||220||225||209||204||223||221||213||201||206||205||206||212||215||196||199||218||187||211||227||241||1  ||1||241||252||240||241||245||249||240||246||238||244||241||236||33 ||33||49 ||49||51 ||51||24 ||24||192||184||208||208||202||208||210||216||215||205||225||220||169||155||149||169|
|6  ||6||233||245||232||242||247||0  ||0||243||4  ||4||242||249||224||202||164||182||189||200||193||188||184||187||191||211||201||216||219||209||217||220||221||217||213||215||209||216||219||207||212||221||217||214||199||210||212||230||211||218||218||212||222||222||209||215||210||222||196||212||217||215||196||190||200||198||185||193||224||241||236||6  ||6||237||238||251||248||242||243||237||242||238||231||240||253||36 ||36||46 ||46||47 ||47||241||191||203||199||213||206||204||222||222||203||210||183||154||149||145||173|
|1  ||1||3  ||3||246||230||242||252||241||7  ||7||245||232||238||221||185||164||176||183||193||180||189||182||190||182||203||205||207||207||203||194||214||220||196||194||206||216||201||216||214||203||219||198||205||202||220||207||218||207||199||212||216||218||217||219||214||208||220||205||217||198||209||202||206||205||200||202||188||215||222||1  ||1||223||6  ||6||240||246||239||223||228||242||4  ||4||242||244||233||232||13 ||13||40 ||40||51 ||51||36 ||36||203||199||218||214||198||212||209||215||223||184||143||142||149||165||176|
|11 ||11||232||234||251||234||0  ||0||0  ||0||9  ||9||0  ||0||236||252||212||194||180||184||191||195||192||178||183||175||201||210||214||203||211||220||215||204||213||216||213||201||232||210||197||199||213||216||214||198||205||205||192||202||222||219||207||215||221||216||204||203||212||198||227||199||195||205||211||207||199||186||191||201||209||230||246||4  ||4||245||241||252||234||5  ||5||240||249||242||236||255||222||234||226||39 ||39||53 ||53||57 ||57||14 ||14||191||202||200||222||190||219||208||176||150||151||148||162||163||177|
|14 ||14||244||247||13 ||13||254||7  ||7||3  ||3||254||237||8  ||8||237||222||195||157||168||179||174||181||187||184||186||207||200||211||214||192||209||209||206||218||205||202||206||219||206||197||195||209||212||189||192||219||208||212||197||197||206||213||212||203||224||202||216||205||202||204||214||192||224||211||194||203||215||183||191||208||241||238||237||9  ||9||240||245||225||243||223||239||245||252||243||250||234||235||254||51 ||51||63 ||63||35 ||35||223||182||207||188||239||203||176||147||166||146||146||152||157||168|
|11 ||11||250||228||248||254||241||0  ||0||244||240||250||244||222||192||171||175||179||188||187||192||185||202||200||205||204||202||229||201||193||209||204||209||190||219||223||197||207||205||211||211||203||204||203||197||197||217||208||187||216||208||212||206||192||208||215||206||195||212||212||224||211||202||208||193||194||200||208||234||227||241||239||232||243||240||225||236||243||230||244||225||220||242||218||226||28 ||28||46 ||46||46 ||46||32 ||32||198||186||198||218||176||152||146||152||160||168||157||152||184|
|10 ||10||1  ||1||240||6  ||6||237||237||239||253||253||245||241||219||202||163||162||171||197||188||193||186||197||194||194||205||206||192||207||210||211||205||212||223||200||218||212||207||222||211||215||211||231||224||246||8  ||8||5  ||5||22 ||22||16 ||16||246||222||204||213||201||198||207||212||201||206||198||205||202||216||197||189||186||191||206||228||226||237||241||234||239||240||233||252||232||233||238||234||226||239||236||210||255||57 ||57||55 ||55||60 ||60||235||194||206||175||149||156||147||145||158||151||146||144||175|
|1  ||1||243||5  ||5||1  ||1||237||220||218||243||253||251||244||227||177||172||173||184||184||191||179||185||193||198||202||200||216||211||194||216||205||210||206||218||201||213||204||204||203||228||233||246||246||241||14 ||14||255||17 ||17||13 ||13||5  ||5||12 ||12||16 ||16||15 ||15||242||198||181||219||213||212||213||203||209||196||212||201||201||200||192||209||237||241||238||224||227||246||246||245||232||234||241||231||246||240||226||225||219||241||12 ||12||55 ||55||56 ||56||49 ||49||215||179||153||143||152||152||154||147||149||159||148||168|
|10 ||10||7  ||7||5  ||5||239||205||214||216||245||245||254||255||248||193||159||178||174||182||177||187||191||186||197||205||196||216||205||197||195||215||205||203||196||210||219||217||193||219||212||229||222||235||229||249||6  ||6||247||7  ||7||6  ||6||15 ||15||34 ||34||27 ||27||20 ||20||34 ||34||240||185||197||204||197||209||205||198||190||199||200||193||184||209||206||231||214||248||223||234||231||237||217||234||229||225||221||213||228||231||238||221||237||30 ||30||51 ||51||62 ||62||239||148||153||139||166||146||156||154||149||161||152||176|
|248||1  ||1||253||239||199||195||244||249||254||245||5  ||5||239||191||171||162||171||170||177||181||182||187||182||195||198||211||209||191||202||212||201||207||225||221||213||219||216||211||240||220||223||214||235||2  ||2||245||9  ||9||3  ||3||8  ||8||12 ||12||18 ||18||1  ||1||16 ||16||35 ||35||38 ||38||2  ||2||216||195||205||200||202||192||202||196||185||183||186||207||234||225||229||240||234||231||234||225||228||227||218||234||232||219||227||223||222||235||218||5  ||5||53 ||53||67 ||67||202||141||148||143||146||156||151||161||153||150||155||165|
|28 ||28||7  ||7||219||200||154||189||238||1  ||1||251||247||239||223||183||170||162||175||193||187||182||169||178||186||199||189||200||205||218||207||202||198||199||196||203||215||218||208||205||223||227||211||223||232||220||242||14 ||14||24 ||24||17 ||17||12 ||12||20 ||20||9  ||9||41 ||41||23 ||23||42 ||42||41 ||41||29 ||29||215||193||197||199||186||200||190||210||182||194||204||228||230||215||234||229||243||217||224||228||215||223||215||222||221||221||216||232||234||221||240||47 ||47||240||154||152||140||153||164||146||141||154||149||153||146||182|
|7  ||7||247||216||181||166||208||226||243||0  ||0||249||236||228||175||160||159||185||185||190||172||182||183||195||212||195||204||193||211||195||206||203||208||214||193||183||213||191||217||192||232||211||228||224||245||237||248||13 ||13||17 ||17||9  ||9||28 ||28||23 ||23||25 ||25||37 ||37||26 ||26||18 ||18||33 ||33||40 ||40||233||185||190||200||179||188||191||186||183||206||236||238||248||212||224||217||219||225||236||224||233||243||203||239||224||232||230||239||230||230||216||140||150||153||150||147||155||158||152||158||152||160||142||188|
|17 ||17||248||201||158||162||204||232||11 ||11||11 ||11||251||241||229||197||151||167||171||178||184||192||190||196||198||204||202||196||216||215||200||211||219||184||174||201||207||198||209||206||229||213||214||204||234||229||226||253||16 ||16||17 ||17||29 ||29||20 ||20||14 ||14||25 ||25||18 ||18||21 ||21||20 ||20||45 ||45||51 ||51||54 ||54||52 ||52||197||163||192||200||200||172||194||214||239||217||245||226||216||194||187||207||245||212||233||223||237||225||225||217||226||235||225||228||153||150||147||158||152||150||150||154||155||137||173||154||160||3  ||3|
|6  ||6||214||168||161||166||208||227||253||232||238||243||216||179||158||155||179||184||186||170||180||189||194||181||207||191||195||211||196||222||203||196||196||187||195||213||209||207||217||226||214||219||241||230||229||248||11 ||11||36 ||36||15 ||15||17 ||17||26 ||26||11 ||11||19 ||19||21 ||21||30 ||30||40 ||40||45 ||45||26 ||26||61 ||61||15 ||15||179||168||176||188||168||189||213||227||236||237||240||221||175||163||198||209||219||217||235||222||234||224||224||233||232||229||150||153||147||158||163||153||150||147||157||154||166||157||161||236||251|
|244||190||172||170||166||200||226||250||22 ||22||243||237||222||189||158||173||173||185||185||185||186||180||194||191||202||210||201||217||207||192||190||188||209||203||210||198||207||206||200||214||213||216||228||234||242||228||4  ||4||16 ||16||13 ||13||9  ||9||12 ||12||47 ||47||41 ||41||37 ||37||38 ||38||42 ||42||44 ||44||46 ||46||45 ||45||49 ||49||250||162||172||166||161||186||206||219||234||246||242||218||189||150||165||209||239||244||218||226||216||227||218||223||252||170||157||143||163||149||145||151||150||138||143||149||154||166||242||226||245|
|223||168||172||183||158||188||224||4  ||4||252||250||234||222||184||159||173||177||182||197||189||176||180||180||194||201||199||203||207||191||193||206||187||200||206||196||187||207||234||205||219||217||222||222||221||226||240||252||6  ||6||255||32 ||32||29 ||29||40 ||40||43 ||43||13 ||13||21 ||21||28 ||28||39 ||39||34 ||34||54 ||54||41 ||41||53 ||53||231||159||161||169||186||205||230||243||246||237||208||193||152||156||191||220||237||224||223||217||232||220||231||210||155||149||159||144||144||154||142||152||149||156||158||163||228||224||251||248|
|211||171||173||165||171||200||226||235||245||254||231||226||189||160||172||181||201||189||173||195||193||183||205||194||194||197||221||186||195||200||192||198||202||205||200||221||220||228||216||221||224||220||236||229||244||233||252||38 ||38||33 ||33||40 ||40||39 ||39||31 ||31||26 ||26||24 ||24||42 ||42||21 ||21||34 ||34||52 ||52||41 ||41||34 ||34||45 ||45||238||170||167||176||200||235||222||238||238||228||176||161||150||164||207||219||217||233||230||216||227||230||160||146||146||153||160||152||157||149||147||142||153||145||221||226||231||235||5  ||5|
|205||167||184||190||166||188||232||2  ||2||15 ||15||245||240||240||194||152||170||168||179||178||181||180||175||173||203||197||194||219||226||190||187||203||194||185||195||207||211||223||207||228||221||224||206||222||201||214||249||14 ||14||23 ||23||24 ||24||15 ||15||17 ||17||24 ||24||19 ||19||37 ||37||22 ||22||27 ||27||32 ||32||26 ||26||34 ||34||38 ||38||37 ||37||46 ||46||34 ||34||235||155||170||204||236||235||224||236||220||179||158||149||143||172||205||227||230||212||240||242||181||145||151||142||142||148||159||151||153||151||161||150||215||243||224||231||3  ||3||11 ||11|
|212||170||189||176||156||207||222||243||1  ||1||249||246||220||187||165||185||172||168||185||178||182||190||203||204||194||188||243||186||190||194||195||193||195||200||200||198||218||214||214||212||224||215||208||210||4  ||4||6  ||6||6  ||6||29 ||29||18 ||18||6  ||6||26 ||26||30 ||30||31 ||31||16 ||16||26 ||26||38 ||38||34 ||34||34 ||34||34 ||34||27 ||27||42 ||42||36 ||36||45 ||45||37 ||37||183||171||199||239||235||241||235||214||186||144||151||153||147||173||231||242||234||221||205||155||153||155||163||146||157||156||148||162||146||145||183||241||223||252||249||253||2  ||2|
|216||185||183||175||162||199||229||242||240||8  ||8||245||214||192||156||173||177||173||190||176||199||186||197||198||184||189||6  ||6||173||188||197||183||199||185||214||209||204||212||226||200||2  ||2||213||193||211||250||27 ||27||16 ||16||20 ||20||18 ||18||12 ||12||33 ||33||12 ||12||37 ||37||31 ||31||29 ||29||35 ||35||16 ||16||32 ||32||33 ||33||48 ||48||40 ||40||30 ||30||41 ||41||39 ||39||57 ||57||4  ||4||155||196||224||227||235||229||228||189||154||157||148||129||248||44 ||44||55 ||55||38 ||38||29 ||29||168||150||143||155||146||159||144||148||149||156||153||171||227||221||247||246||245||236||10 ||10|
|206||183||167||175||163||203||218||254||254||247||252||233||187||155||156||184||171||187||184||186||186||182||189||195||217||20 ||20||178||196||197||186||199||197||213||208||197||209||213||227||205||188||238||5  ||5||10 ||10||3  ||3||18 ||18||3  ||3||17 ||17||33 ||33||8  ||8||31 ||31||26 ||26||24 ||24||23 ||23||11 ||11||32 ||32||35 ||35||29 ||29||40 ||40||29 ||29||43 ||43||57 ||57||32 ||32||38 ||38||53 ||53||181||209||224||229||238||236||222||186||146||141||152||19 ||19||21 ||21||15 ||15||41 ||41||56 ||56||51 ||51||214||145||150||165||154||146||144||161||147||151||162||223||228||237||241||248||255||239||254|
|209||177||176||172||163||185||231||6  ||6||0  ||0||247||240||217||174||161||161||174||179||169||177||173||193||194||186||194||247||255||182||180||180||193||188||211||212||201||189||216||204||201||200||241||5  ||5||7  ||7||254||255||0  ||0||11 ||11||5  ||5||47 ||47||23 ||23||16 ||16||14 ||14||23 ||23||34 ||34||32 ||32||39 ||39||16 ||16||50 ||50||21 ||21||18 ||18||36 ||36||40 ||40||42 ||42||35 ||35||34 ||34||11 ||11||181||227||230||251||239||238||189||148||175||46 ||46||19 ||19||42 ||42||49 ||49||56 ||56||46 ||46||60 ||60||251||142||155||151||150||150||162||157||151||153||195||241||227||233||242||238||253||245||3  ||3|
|212||187||183||166||175||197||217||253||248||251||254||232||174||159||171||175||180||196||183||193||190||193||196||183||24 ||24||228||187||196||191||186||202||201||194||206||196||215||206||188||240||2  ||2||250||253||9  ||9||5  ||5||11 ||11||0  ||0||31 ||31||9  ||9||251||10 ||10||9  ||9||23 ||23||26 ||26||38 ||38||17 ||17||18 ||18||30 ||30||22 ||22||20 ||20||34 ||34||22 ||22||23 ||23||43 ||43||49 ||49||39 ||39||248||212||248||232||233||219||166||229||29 ||29||13 ||13||32 ||32||26 ||26||35 ||35||40 ||40||42 ||42||39 ||39||6  ||6||135||155||146||154||150||143||160||148||159||238||224||242||240||245||249||249||246||251|
|230||177||174||179||173||190||231||245||10 ||10||252||246||227||181||156||166||170||175||180||186||183||187||195||186||189||50 ||50||225||187||169||191||195||187||186||194||195||211||197||210||239||239||245||229||253||11 ||11||253||9  ||9||22 ||22||6  ||6||23 ||23||5  ||5||4  ||4||25 ||25||10 ||10||23 ||23||255||28 ||28||40 ||40||13 ||13||21 ||21||13 ||13||42 ||42||38 ||38||25 ||25||37 ||37||30 ||30||14 ||14||30 ||30||13 ||13||243||241||214||233||24 ||24||18 ||18||27 ||27||32 ||32||41 ||41||45 ||45||40 ||40||29 ||29||42 ||42||62 ||62||243||155||148||155||147||146||160||153||146||205||234||231||247||244||242||238||245||0  ||0||5  ||5|
|222||190||180||192||176||190||212||2  ||2||3  ||3||11 ||11||254||232||182||161||157||188||193||179||183||181||185||198||182||195||34 ||34||228||196||195||193||173||199||186||205||198||199||196||216||236||221||221||236||231||25 ||25||2  ||2||252||251||9  ||9||244||1  ||1||19 ||19||13 ||13||5  ||5||23 ||23||12 ||12||40 ||40||20 ||20||5  ||5||15 ||15||16 ||16||28 ||28||21 ||21||25 ||25||21 ||21||17 ||17||28 ||28||28 ||28||29 ||29||214||233||21 ||21||47 ||47||246||26 ||26||40 ||40||32 ||32||30 ||30||42 ||42||53 ||53||40 ||40||29 ||29||46 ||46||218||153||151||142||150||152||146||154||166||240||231||253||238||1  ||1||248||255||251||239||237|
|223||183||179||189||175||192||238||245||15 ||15||0  ||0||11 ||11||222||185||158||173||170||182||187||173||178||188||195||187||209||50 ||50||225||202||182||179||199||181||223||188||204||204||219||238||204||236||234||229||11 ||11||235||4  ||4||0  ||0||6  ||6||248||10 ||10||15 ||15||9  ||9||4  ||4||6  ||6||19 ||19||16 ||16||22 ||22||11 ||11||29 ||29||11 ||11||25 ||25||34 ||34||23 ||23||13 ||13||9  ||9||23 ||23||8  ||8||11 ||11||25 ||25||19 ||19||42 ||42||5  ||5||42 ||42||38 ||38||30 ||30||33 ||33||50 ||50||39 ||39||18 ||18||11 ||11||28 ||28||39 ||39||65 ||65||175||155||160||154||151||154||158||157||221||229||228||234||229||2  ||2||242||238||232||249||12 ||12|
|212||188||176||186||177||197||226||245||252||14 ||14||248||239||180||167||172||182||179||187||177||177||198||171||190||232||29 ||29||230||203||198||181||196||196||193||210||204||231||227||233||216||237||237||223||229||250||6  ||6||5  ||5||253||252||7  ||7||1  ||1||253||248||2  ||2||11 ||11||24 ||24||18 ||18||17 ||17||12 ||12||22 ||22||17 ||17||10 ||10||13 ||13||15 ||15||11 ||11||245||8  ||8||5  ||5||29 ||29||15 ||15||21 ||21||43 ||43||27 ||27||22 ||22||33 ||33||21 ||21||35 ||35||33 ||33||46 ||46||17 ||17||33 ||33||43 ||43||35 ||35||148||140||154||166||148||151||153||191||251||224||242||253||224||234||243||239||241||247||10 ||10|
|216||169||184||165||190||202||236||241||5  ||5||253||7  ||7||218||188||165||178||167||198||178||179||186||181||188||172||244||14 ||14||0  ||0||226||199||198||181||195||198||190||233||221||227||211||225||220||236||234||247||239||231||2  ||2||247||251||4  ||4||12 ||12||247||255||248||253||254||249||2  ||2||248||20 ||20||255||4  ||4||10 ||10||16 ||16||18 ||18||253||27 ||27||14 ||14||26 ||26||23 ||23||34 ||34||21 ||21||27 ||27||33 ||33||32 ||32||23 ||23||31 ||31||30 ||30||246||251||4  ||4||25 ||25||241||141||152||146||148||149||156||167||230||228||227||251||242||253||242||242||241||229||255||255|
|230||182||183||183||170||207||239||0  ||0||9  ||9||7  ||7||250||232||185||153||177||180||177||178||187||175||189||187||179||223||13 ||13||245||231||197||191||166||189||194||221||215||218||187||218||242||222||218||214||245||219||243||238||246||2  ||2||251||254||246||251||5  ||5||238||1  ||1||231||253||16 ||16||3  ||3||11 ||11||239||10 ||10||244||248||20 ||20||11 ||11||35 ||35||34 ||34||40 ||40||30 ||30||30 ||30||30 ||30||37 ||37||38 ||38||31 ||31||52 ||52||17 ||17||248||1  ||1||236||33 ||33||178||152||153||157||142||157||152||207||244||229||1  ||1||236||242||238||230||237||243||248||240||246|
|220||177||173||180||182||191||231||255||250||5  ||5||6  ||6||222||179||159||169||189||176||177||175||177||181||190||163||253||27 ||27||244||239||219||206||197||188||222||210||219||204||222||223||226||217||229||217||236||237||236||250||235||221||250||232||239||249||243||1  ||1||4  ||4||11 ||11||3  ||3||2  ||2||231||248||245||252||6  ||6||22 ||22||30 ||30||32 ||32||17 ||17||20 ||20||10 ||10||31 ||31||35 ||35||41 ||41||40 ||40||28 ||28||39 ||39||44 ||44||243||251||239||242||30 ||30||130||138||156||150||152||146||167||242||233||246||246||252||252||234||247||247||246||241||0  ||0||231|
|205||181||182||176||184||192||242||250||9  ||9||12 ||12||8  ||8||234||186||169||165||184||182||168||185||173||180||185||157||13 ||13||43 ||43||16 ||16||232||237||222||181||212||212||219||187||223||231||217||223||217||217||215||234||236||206||207||194||209||230||191||240||0  ||0||228||236||247||237||233||240||236||239||16 ||16||0  ||0||13 ||13||28 ||28||35 ||35||18 ||18||12 ||12||39 ||39||31 ||31||21 ||21||41 ||41||39 ||39||33 ||33||39 ||39||26 ||26||18 ||18||6  ||6||199||183||23 ||23||212||149||159||145||156||158||154||206||235||247||245||242||249||234||237||244||240||231||252||226||6  ||6|
|220||175||185||193||195||193||227||255||2  ||2||14 ||14||3  ||3||239||189||154||165||174||178||176||191||183||175||170||166||255||30 ||30||9  ||9||240||234||213||212||196||229||202||211||218||221||211||213||222||213||225||205||196||223||199||175||161||251||231||208||188||194||208||203||169||171||158||244||8  ||8||245||28 ||28||22 ||22||40 ||40||26 ||26||35 ||35||23 ||23||30 ||30||35 ||35||37 ||37||29 ||29||41 ||41||15 ||15||42 ||42||30 ||30||223||169||187||227||32 ||32||156||145||150||150||142||167||177||226||234||250||249||254||239||248||245||249||240||245||243||236||250|
|221||191||184||186||187||201||228||250||7  ||7||254||247||250||184||158||165||178||179||180||169||175||174||179||164||239||41 ||41||28 ||28||237||207||210||182||203||190||219||219||211||215||212||213||198||226||205||204||211||187||179||178||155||201||200||161||158||174||153||153||152||148||205||3  ||3||14 ||14||40 ||40||23 ||23||30 ||30||21 ||21||20 ||20||41 ||41||23 ||23||28 ||28||32 ||32||44 ||44||29 ||29||25 ||25||254||215||171||183||183||230||35 ||35||198||149||152||160||146||152||149||206||234||219||248||254||240||240||244||241||1  ||1||255||231||239||228||249|
|215||188||176||178||181||200||230||249||251||3  ||3||10 ||10||225||186||163||171||177||180||178||190||181||189||172||179||211||40 ||40||36 ||36||242||211||225||192||201||210||228||201||197||222||213||203||209||217||201||197||199||190||166||153||161||189||180||169||176||147||175||134||138||222||233||15 ||15||21 ||21||33 ||33||27 ||27||30 ||30||30 ||30||32 ||32||27 ||27||37 ||37||34 ||34||28 ||28||44 ||44||15 ||15||202||186||169||191||216||253||33 ||33||168||144||151||156||138||155||157||155||240||221||237||240||251||241||8  ||8||244||243||244||243||252||247||243||250|
|232||183||188||171||186||207||237||247||240||18 ||18||248||235||177||161||163||179||174||190||181||182||176||191||181||185||41 ||41||24 ||24||4  ||4||226||234||201||197||214||216||197||214||202||213||212||235||190||222||158||169||166||153||142||176||179||148||169||179||169||154||136||229||229||16 ||16||25 ||25||13 ||13||34 ||34||6  ||6||15 ||15||15 ||15||23 ||23||27 ||27||19 ||19||33 ||33||6  ||6||195||218||220||200||244||251||18 ||18||11 ||11||189||138||156||144||147||147||151||140||190||223||227||238||1  ||1||1  ||1||237||8  ||8||3  ||3||250||237||237||247||245||236||5  ||5|
|214||192||176||200||189||205||227||2  ||2||14 ||14||248||254||227||190||159||159||173||183||177||181||170||173||185||170||163||3  ||3||32 ||32||5  ||5||250||215||196||218||222||181||198||219||223||210||212||201||212||164||157||161||149||157||147||186||150||160||175||150||157||174||242||230||22 ||22||23 ||23||21 ||21||22 ||22||23 ||23||13 ||13||19 ||19||28 ||28||23 ||23||25 ||25||38 ||38||205||168||202||199||244||1  ||1||239||5  ||5||25 ||25||194||151||145||145||159||149||144||155||146||235||229||250||252||246||15 ||15||247||4  ||4||238||240||247||249||225||242||252||1  ||1|
|239||187||182||181||182||199||244||253||7  ||7||9  ||9||6  ||6||231||196||170||164||177||181||174||175||184||169||184||183||187||193||47 ||47||19 ||19||19 ||19||213||210||205||202||223||219||188||186||215||205||153||157||163||167||141||175||144||154||156||148||158||167||186||154||226||241||20 ||20||30 ||30||3  ||3||255||15 ||15||15 ||15||5  ||5||22 ||22||22 ||22||32 ||32||21 ||21||227||157||183||207||198||224||7  ||7||14 ||14||5  ||5||171||147||167||151||150||151||145||158||154||190||230||227||246||254||11 ||11||252||252||241||241||246||249||243||255||237||239||7  ||7|
|210||181||188||176||177||198||220||246||254||246||6  ||6||242||196||151||156||170||176||179||183||174||178||181||197||180||183||0  ||0||14 ||14||22 ||22||216||217||207||207||210||186||200||199||205||182||160||163||157||148||155||166||153||161||159||149||151||167||179||209||211||35 ||35||18 ||18||20 ||20||20 ||20||20 ||20||18 ||18||20 ||20||29 ||29||13 ||13||16 ||16||21 ||21||25 ||25||244||175||176||191||216||209||3  ||3||235||165||149||151||140||157||151||157||144||146||157||230||218||251||252||0  ||0||4  ||4||247||253||252||5  ||5||241||251||246||255||243||233||238|
|237||192||191||178||167||188||224||2  ||2||12 ||12||6  ||6||2  ||2||237||189||153||167||167||184||170||187||183||171||192||187||195||181||208||55 ||55||13 ||13||228||199||182||214||191||192||214||193||191||142||152||153||160||154||138||163||155||145||147||158||147||170||160||206||244||9  ||9||16 ||16||3  ||3||2  ||2||9  ||9||252||7  ||7||11 ||11||10 ||10||24 ||24||18 ||18||11 ||11||23 ||23||180||152||180||185||224||213||161||157||139||155||154||150||150||148||160||148||170||219||229||244||246||254||243||4  ||4||7  ||7||0  ||0||249||237||0  ||0||245||231||243||255||239|
|235||196||193||184||181||190||219||249||10 ||10||9  ||9||10 ||10||244||191||163||164||166||170||182||185||185||182||189||192||201||185||200||55 ||55||12 ||12||185||211||228||171||218||211||202||158||154||163||146||155||154||155||145||188||181||156||153||146||165||195||203||251||18 ||18||9  ||9||25 ||25||7  ||7||16 ||16||15 ||15||247||6  ||6||31 ||31||30 ||30||26 ||26||33 ||33||25 ||25||31 ||31||223||159||160||171||224||236||160||151||149||153||145||152||153||147||155||155||214||232||227||237||4  ||4||246||251||8  ||8||250||1  ||1||249||1  ||1||248||245||245||253||244||242|
|222||182||191||182||176||193||235||233||12 ||12||4  ||4||4  ||4||245||188||158||163||178||177||172||183||183||183||193||197||210||194||192||47 ||47||241||185||203||196||212||195||192||186||141||158||142||151||153||148||156||167||143||196||162||150||166||211||237||239||224||10 ||10||7  ||7||247||246||5  ||5||11 ||11||0  ||0||11 ||11||27 ||27||21 ||21||17 ||17||41 ||41||47 ||47||15 ||15||224||158||145||153||220||220||149||152||155||147||152||148||151||144||146||151||215||219||254||247||234||246||248||254||249||10 ||10||0  ||0||246||241||241||241||246||243||251|
|219||200||171||175||179||179||224||255||0  ||0||0  ||0||3  ||3||241||192||174||159||178||181||178||180||196||174||205||205||182||204||187||32 ||32||225||185||197||207||214||183||157||161||142||163||150||161||146||146||160||161||175||179||142||140||223||254||4  ||4||252||249||253||6  ||6||14 ||14||246||241||4  ||4||252||17 ||17||11 ||11||37 ||37||23 ||23||33 ||33||37 ||37||39 ||39||6  ||6||186||154||149||193||246||153||153||150||148||156||149||151||151||143||184||225||226||254||237||230||250||223||248||241||244||246||249||246||2  ||2||232||234||249||249|
|223||191||178||180||162||192||219||251||17 ||17||5  ||5||3  ||3||245||197||156||157||181||189||181||185||178||189||183||197||206||205||195||218||232||188||200||209||197||170||161||148||156||169||155||152||157||159||155||161||165||169||143||215||226||1  ||1||29 ||29||12 ||12||232||17 ||17||14 ||14||253||223||247||5  ||5||6  ||6||27 ||27||36 ||36||37 ||37||29 ||29||31 ||31||36 ||36||31 ||31||28 ||28||194||158||153||182||252||146||146||152||162||158||146||157||163||147||197||205||252||5  ||5||9  ||9||254||232||251||4  ||4||220||241||249||222||238||233||242||250||245||233|
|219||172||180||185||160||182||230||251||7  ||7||6  ||6||2  ||2||245||192||156||165||182||186||174||189||173||189||190||199||203||196||217||195||190||207||201||207||174||163||150||159||156||150||163||152||142||150||152||148||168||145||208||216||249||4  ||4||23 ||23||8  ||8||252||254||236||254||241||253||255||7  ||7||255||34 ||34||28 ||28||37 ||37||36 ||36||39 ||39||41 ||41||36 ||36||212||155||147||160||9  ||9||157||144||156||153||157||150||148||149||172||240||229||254||2  ||2||251||238||244||251||241||250||238||243||226||245||231||247||248||230||254|
|218||176||175||179||171||186||200||0  ||0||13 ||13||11 ||11||255||227||194||157||158||182||188||188||186||183||176||194||178||201||198||214||205||219||194||218||204||149||168||157||163||153||161||164||152||147||164||159||151||147||193||198||8  ||8||8  ||8||237||25 ||25||22 ||22||6  ||6||211||217||226||255||250||21 ||21||250||35 ||35||14 ||14||24 ||24||35 ||35||30 ||30||33 ||33||38 ||38||28 ||28||205||167||155||156||248||166||161||154||158||145||158||152||160||179||206||240||2  ||2||251||10 ||10||248||250||16 ||16||234||243||254||241||242||223||227||234||207||224||247|
|227||180||189||183||165||184||235||4  ||4||255||14 ||14||9  ||9||233||187||180||161||158||193||185||175||194||189||185||204||197||226||217||151||172||5  ||5||177||154||165||158||182||157||150||152||150||147||150||154||164||137||165||202||4  ||4||9  ||9||21 ||21||255||22 ||22||6  ||6||195||205||194||174||172||216||4  ||4||10 ||10||10 ||10||16 ||16||19 ||19||33 ||33||20 ||20||11 ||11||0  ||0||219||175||154||149||148||233||195||157||155||144||149||155||147||156||222||223||252||232||255||242||232||247||241||250||246||239||250||235||241||231||241||225||221||241|
|223||190||186||201||160||191||223||250||15 ||15||4  ||4||12 ||12||253||191||166||164||181||180||187||175||184||185||190||200||214||236||236||171||166||204||161||151||162||166||152||172||145||152||160||146||150||148||162||146||234||236||3  ||3||14 ||14||251||21 ||21||233||207||197||184||219||205||189||170||201||231||255||3  ||3||22 ||22||10 ||10||21 ||21||219||178||176||181||171||146||157||217||197||160||148||154||157||158||157||183||211||219||255||252||0  ||0||10 ||10||253||233||0  ||0||232||239||244||252||242||255||1  ||1||237||235||228||235|
|220||176||182||179||167||176||233||245||9  ||9||13 ||13||3  ||3||220||204||158||159||176||181||185||193||185||165||204||238||236||227||239||205||171||163||159||189||152||192||133||158||148||148||147||185||149||150||147||202||227||17 ||17||14 ||14||29 ||29||17 ||17||216||159||155||152||147||151||144||184||200||210||225||241||6  ||6||31 ||31||16 ||16||211||173||158||157||146||147||151||153||218||204||161||146||159||148||156||140||190||237||250||230||241||240||255||241||247||241||237||252||253||238||238||243||246||253||232||239||241|
|213||178||173||171||173||165||230||7  ||7||9  ||9||15 ||15||24 ||24||235||190||158||158||173||179||177||175||166||167||22 ||22||233||234||225||211||159||146||159||161||149||161||184||135||152||155||158||148||163||163||148||148||219||19 ||19||7  ||7||31 ||31||35 ||35||222||153||150||159||161||157||243||193||151||197||195||203||232||7  ||7||38 ||38||214||155||155||200||177||153||154||146||158||199||216||148||168||148||163||154||149||212||221||251||248||246||249||231||243||240||250||245||243||240||2  ||2||232||240||230||217||224||218||232|
|220||193||173||169||169||169||223||249||13 ||13||3  ||3||0  ||0||241||203||161||168||189||186||192||178||178||156||225||251||10 ||10||197||163||152||162||147||157||155||196||189||152||151||148||174||149||144||157||142||179||217||8  ||8||20 ||20||38 ||38||239||177||177||153||185||172||150||26 ||26||27 ||27||180||168||186||202||225||39 ||39||40 ||40||186||170||147||227||211||153||145||153||162||197||209||170||149||154||146||142||159||230||231||249||225||255||236||249||245||231||236||237||250||235||223||241||3  ||3||244||222||229||217||250|
|236||189||173||174||165||171||243||1  ||1||6  ||6||28 ||28||3  ||3||236||210||154||167||184||195||193||173||161||208||248||26 ||26||221||155||154||177||172||151||163||163||179||193||146||157||154||154||150||145||140||168||213||250||24 ||24||47 ||47||228||198||212||227||185||184||197||246||21 ||21||254||225||209||207||217||235||41 ||41||22 ||22||198||211||223||11 ||11||174||156||160||152||145||180||230||173||146||146||161||146||210||226||235||247||251||235||228||236||246||242||234||254||235||237||237||228||227||227||230||244||12 ||12||21 ||21|
|224||182||178||170||152||174||223||5  ||5||1  ||1||21 ||21||17 ||17||246||201||161||159||196||201||216||171||222||219||198||178||147||147||191||174||144||159||164||154||193||190||178||162||157||148||157||156||130||220||223||21 ||21||35 ||35||237||186||202||212||225||223||198||204||217||203||236||248||200||196||197||218||35 ||35||21 ||21||228||216||192||173||170||174||143||150||155||168||2  ||2||162||149||157||145||144||216||213||254||235||254||243||232||236||228||236||247||232||254||217||224||225||216||253||15 ||15||23 ||23||22 ||22||30 ||30|
|212||187||167||154||159||161||228||236||21 ||21||23 ||23||8  ||8||227||203||172||169||183||190||192||222||220||175||165||160||146||157||168||190||158||140||149||192||190||169||174||145||146||150||146||148||160||208||2  ||2||19 ||19||238||163||195||214||231||234||236||241||236||246||240||246||232||229||223||207||217||26 ||26||30 ||30||12 ||12||240||215||191||181||193||163||148||146||179||252||169||159||155||159||156||229||224||215||250||240||235||248||249||221||236||237||231||238||233||223||231||14 ||14||37 ||37||27 ||27||36 ||36||22 ||22||40 ||40|
|215||181||168||154||161||152||225||253||252||10 ||10||32 ||32||239||200||155||179||190||192||199||211||229||205||159||153||161||189||184||190||137||162||167||171||173||209||179||170||148||143||149||147||216||248||15 ||15||24 ||24||157||187||189||206||238||234||235||253||250||5  ||5||9  ||9||2  ||2||227||223||209||182||208||9  ||9||46 ||46||5  ||5||231||228||199||205||183||153||158||161||173||8  ||8||144||145||154||160||189||218||238||247||243||236||235||246||218||244||241||232||233||223||229||209||19 ||19||40 ||40||24 ||24||34 ||34||20 ||20||28 ||28||18 ||18|
|204||161||154||153||154||168||219||246||10 ||10||9  ||9||27 ||27||248||212||159||171||186||200||210||196||154||146||152||164||167||189||184||152||140||148||154||167||166||142||194||186||156||163||153||183||208||21 ||21||26 ||26||167||165||204||185||228||221||0  ||0||241||255||11 ||11||253||245||244||228||228||221||199||212||2  ||2||56 ||56||255||1  ||1||236||198||213||173||165||153||161||158||246||175||143||150||145||197||225||248||253||246||237||217||242||238||228||228||242||230||228||229||11 ||11||11 ||11||21 ||21||31 ||31||39 ||39||14 ||14||46 ||46||45 ||45|
|206||154||158||164||154||169||214||253||1  ||1||12 ||12||246||248||205||178||167||184||184||194||167||178||176||165||171||153||184||172||150||143||162||145||144||158||154||194||228||154||141||149||209||237||34 ||34||214||141||163||185||201||201||214||236||239||7  ||7||4  ||4||9  ||9||1  ||1||255||229||211||217||197||218||251||50 ||50||249||252||226||217||201||179||146||152||164||153||246||200||153||149||140||237||230||240||234||247||248||246||235||236||226||240||227||215||220||245||20 ||20||31 ||31||33 ||33||33 ||33||40 ||40||29 ||29||47 ||47||46 ||46|
|207||165||162||158||148||168||205||1  ||1||244||5  ||5||3  ||3||231||198||164||196||173||202||233||171||182||170||172||160||156||209||176||154||167||144||154||152||158||147||211||184||231||135||191||197||21 ||21||253||152||149||172||191||202||222||214||228||232||238||252||255||11 ||11||227||236||209||206||210||200||245||50 ||50||17 ||17||221||236||216||219||171||156||161||155||143||233||216||152||160||171||230||246||254||248||250||224||227||235||247||232||234||235||229||213||19 ||19||52 ||52||29 ||29||44 ||44||18 ||18||24 ||24||60 ||60||32 ||32||42 ||42|
|211||159||162||157||160||157||222||238||252||7  ||7||8  ||8||231||204||162||176||210||208||196||151||195||160||159||198||184||204||184||146||149||147||156||185||154||186||233||188||177||147||206||230||27 ||27||152||144||157||159||188||194||203||215||251||238||241||250||238||244||241||233||208||219||199||201||232||47 ||47||6  ||6||253||225||208||206||156||155||148||156||148||221||230||139||143||200||214||245||255||238||252||249||235||246||227||242||235||235||211||253||24 ||24||35 ||35||30 ||30||29 ||29||42 ||42||48 ||48||38 ||38||45 ||45||40 ||40|
|206||153||154||161||148||162||206||0  ||0||8  ||8||8  ||8||10 ||10||238||203||163||175||182||199||185||162||172||175||152||190||162||188||170||163||145||162||148||164||197||200||179||161||145||190||203||11 ||11||221||146||142||179||167||175||202||200||219||207||234||229||235||255||237||240||224||203||220||214||195||232||39 ||39||16 ||16||230||210||209||210||162||159||170||149||150||206||236||154||152||216||243||239||231||249||232||233||243||242||244||238||223||221||235||23 ||23||30 ||30||41 ||41||33 ||33||32 ||32||50 ||50||27 ||27||37 ||37||52 ||52||37 ||37|
|206||177||165||160||155||161||211||240||2  ||2||1  ||1||27 ||27||244||200||168||191||163||202||187||161||200||154||175||167||169||158||195||181||143||148||143||149||156||169||149||153||160||250||247||0  ||0||157||143||146||189||166||193||199||189||230||214||218||223||234||234||243||246||206||202||211||195||211||217||28 ||28||9  ||9||218||227||192||185||141||151||158||156||142||213||252||168||151||236||219||245||243||246||249||231||235||232||230||246||241||234||254||45 ||45||42 ||42||24 ||24||31 ||31||33 ||33||48 ||48||49 ||49||48 ||48||33 ||33||39 ||39|
|202||156||165||149||165||171||211||243||9  ||9||8  ||8||14 ||14||9  ||9||193||165||162||191||182||175||169||179||142||182||164||169||169||208||169||140||167||173||151||181||163||156||151||200||21 ||21||9  ||9||163||149||154||142||187||164||191||191||209||199||204||238||220||236||234||239||226||228||200||190||181||172||203||250||233||228||224||211||163||142||150||155||168||156||185||245||170||188||247||244||241||246||238||234||225||241||233||237||221||226||233||250||32 ||32||39 ||39||24 ||24||51 ||51||35 ||35||29 ||29||24 ||24||59 ||59||30 ||30||36 ||36|
|210||154||163||163||151||193||246||248||10 ||10||255||8  ||8||237||202||164||169||184||187||172||164||154||176||161||165||170||193||194||217||150||173||218||131||180||167||187||225||190||241||204||152||150||154||145||195||182||185||202||205||189||213||235||240||243||234||6  ||6||243||233||228||215||240||229||18 ||18||21 ||21||249||237||209||195||144||148||155||166||161||153||163||240||167||210||230||251||227||245||244||253||241||232||247||231||236||226||219||24 ||24||43 ||43||39 ||39||44 ||44||39 ||39||51 ||51||45 ||45||40 ||40||42 ||42||36 ||36||42 ||42|
|205||155||170||153||165||192||223||5  ||5||3  ||3||245||11 ||11||244||199||160||173||177||223||170||154||181||160||153||148||164||182||176||206||188||163||173||156||157||219||5  ||5||226||201||237||142||153||150||160||148||188||173||206||202||194||206||222||193||220||218||223||228||229||222||223||232||14 ||14||5  ||5||24 ||24||18 ||18||230||215||221||158||152||150||151||171||151||154||167||240||176||242||247||241||0  ||0||240||243||237||255||226||226||239||235||230||233||12 ||12||32 ||32||36 ||36||22 ||22||42 ||42||33 ||33||38 ||38||42 ||42||38 ||38||46 ||46||47 ||47|
|203||156||162||155||155||187||234||230||4  ||4||255||16 ||16||6  ||6||208||171||174||201||191||158||165||182||157||147||148||162||159||160||211||194||204||138||169||194||1  ||1||249||193||226||156||149||166||160||143||148||174||173||190||208||209||208||218||200||217||217||225||230||229||234||211||236||27 ||27||32 ||32||23 ||23||32 ||32||222||224||188||136||150||147||144||158||163||154||156||239||201||231||235||1  ||1||1  ||1||239||251||225||235||248||236||227||232||222||250||17 ||17||38 ||38||37 ||37||50 ||50||32 ||32||32 ||32||42 ||42||50 ||50||52 ||52||35 ||35||57 ||57|
|200||159||162||165||145||210||223||4  ||4||8  ||8||4  ||4||17 ||17||9  ||9||205||159||184||180||189||165||164||152||156||151||165||169||162||163||155||187||197||175||222||12 ||12||6  ||6||189||215||181||148||176||144||156||153||153||170||173||180||195||216||199||211||221||213||217||205||218||229||201||206||244||229||234||245||228||214||212||145||149||154||156||155||175||160||156||154||225||211||222||239||250||241||228||242||247||237||233||227||241||228||223||251||43 ||43||32 ||32||46 ||46||41 ||41||42 ||42||57 ||57||38 ||38||47 ||47||52 ||52||33 ||33||55 ||55|
|206||147||156||157||169||180||244||253||7  ||7||11 ||11||20 ||20||249||203||168||206||176||227||141||165||162||151||155||156||198||172||169||175||168||164||210||245||47 ||47||225||192||218||149||148||158||155||165||154||149||169||181||182||195||215||220||218||205||216||218||183||179||177||191||167||178||175||201||173||192||207||204||145||153||157||154||160||151||155||161||151||235||216||241||235||223||237||249||255||218||246||243||239||236||236||211||3  ||3||22 ||22||43 ||43||37 ||37||48 ||48||50 ||50||36 ||36||48 ||48||37 ||37||32 ||32||38 ||38||47 ||47|
|203||163||159||153||167||198||239||0  ||0||15 ||15||250||15 ||15||250||213||204||153||209||196||158||158||151||166||151||198||186||166||173||178||167||192||215||217||5  ||5||197||1  ||1||148||156||155||158||152||149||157||162||155||184||170||199||195||194||193||206||238||223||209||189||185||197||218||247||254||246||224||210||219||155||139||156||150||152||168||161||157||165||154||213||222||217||253||236||243||235||243||235||234||226||251||250||222||219||244||42 ||42||49 ||49||43 ||43||52 ||52||39 ||39||43 ||43||36 ||36||57 ||57||45 ||45||44 ||44||46 ||46|
|204||150||165||152||170||199||226||4  ||4||9  ||9||19 ||19||2  ||2||254||228||162||169||215||191||154||195||150||168||152||197||202||157||170||181||187||199||223||244||231||14 ||14||148||146||152||158||139||165||149||152||165||158||166||152||176||188||199||204||212||228||228||221||203||209||202||184||203||204||214||218||243||173||141||159||152||155||151||162||158||165||166||152||208||242||244||249||254||236||245||238||236||243||236||220||233||229||205||14 ||14||45 ||45||47 ||47||41 ||41||39 ||39||40 ||40||55 ||55||43 ||43||37 ||37||37 ||37||52 ||52||48 ||48|
|204||144||162||156||180||187||222||247||9  ||9||5  ||5||12 ||12||244||209||150||201||184||165||170||168||153||160||148||230||169||199||163||190||214||177||181||5  ||5||246||190||146||142||156||147||151||150||155||158||158||159||165||148||174||182||194||196||200||209||226||216||225||203||201||216||197||214||222||242||204||156||161||142||154||151||146||176||158||161||160||159||217||220||223||236||242||247||233||237||254||241||254||249||208||225||209||10 ||10||53 ||53||42 ||42||45 ||45||46 ||46||50 ||50||46 ||46||40 ||40||35 ||35||41 ||41||33 ||33||42 ||42|
|190||163||167||144||196||184||212||0  ||0||4  ||4||9  ||9||2  ||2||254||220||148||189||169||160||169||155||150||162||145||210||208||210||187||164||191||196||184||8  ||8||223||129||156||158||149||146||155||145||153||153||153||146||158||158||158||167||200||203||186||215||215||224||225||223||224||255||6  ||6||233||238||241||176||142||147||147||162||148||145||171||165||158||159||156||221||247||234||246||233||252||230||239||242||243||231||229||222||214||209||16 ||16||60 ||60||39 ||39||47 ||47||48 ||48||38 ||38||36 ||36||48 ||48||45 ||45||39 ||39||48 ||48||37 ||37|
|196||145||151||154||185||198||219||238||12 ||12||8  ||8||252||230||222||157||172||178||151||173||148||153||158||152||209||159||179||209||198||183||190||172||220||156||147||157||147||159||152||145||145||157||157||142||162||151||153||163||147||163||173||200||215||216||216||230||243||246||3  ||3||238||11 ||11||220||215||151||156||145||150||157||151||149||185||171||161||155||154||217||249||239||238||3  ||3||246||244||253||238||245||232||226||221||219||208||27 ||27||42 ||42||62 ||62||32 ||32||34 ||34||50 ||50||42 ||42||37 ||37||38 ||38||38 ||38||45 ||45||32 ||32|
|200||161||149||157||177||190||215||6  ||6||2  ||2||249||25 ||25||237||211||161||177||160||150||186||154||156||154||155||197||164||166||184||214||202||213||189||180||149||148||143||159||159||149||159||155||150||152||151||159||148||150||159||156||146||164||176||182||218||209||210||244||243||247||246||247||213||211||152||152||144||154||148||145||147||180||178||168||171||172||205||249||228||243||244||243||232||238||254||227||235||216||232||207||204||42 ||42||53 ||53||36 ||36||50 ||50||52 ||52||50 ||50||51 ||51||40 ||40||39 ||39||26 ||26||232||210|
|190||155||150||142||169||187||225||237||1  ||1||13 ||13||250||246||190||176||229||197||140||161||157||152||165||143||200||209||153||174||181||194||222||209||244||187||148||156||147||167||144||157||154||152||146||147||160||151||163||153||153||162||174||188||191||201||214||231||210||254||10 ||10||240||238||229||196||141||160||148||157||155||141||152||175||175||168||161||155||219||236||220||207||206||218||229||239||242||236||240||232||223||201||229||52 ||52||40 ||40||50 ||50||31 ||31||43 ||43||32 ||32||35 ||35||7  ||7||230||171||148||168|
|188||144||147||148||175||157||228||248||17 ||17||6  ||6||17 ||17||234||230||232||160||193||143||169||139||139||156||151||184||206||175||148||195||208||187||211||163||225||182||139||145||155||144||160||145||150||160||147||160||151||154||151||164||189||196||207||216||211||223||213||234||224||224||234||4  ||4||8  ||8||38 ||38||26 ||26||208||166||139||162||152||157||187||174||163||166||165||225||220||207||192||197||220||213||211||209||222||228||231||217||219||240||52 ||52||37 ||37||35 ||35||34 ||34||30 ||30||44 ||44||32 ||32||224||153||152||160||196|
|222||180||156||151||156||163||196||238||0  ||0||2  ||2||253||253||232||158||200||159||145||157||156||145||178||155||148||212||189||196||206||158||180||197||189||240||189||183||163||155||151||160||161||149||151||154||150||158||176||146||170||190||189||207||213||213||223||228||226||216||220||225||2  ||2||9  ||9||25 ||25||34 ||34||31 ||31||38 ||38||229||162||151||147||190||186||161||165||158||233||228||222||218||218||192||194||189||199||182||205||200||198||190||235||40 ||40||32 ||32||45 ||45||47 ||47||34 ||34||32 ||32||213||145||156||168||169||196|
|4  ||4||232||185||164||175||143||199||249||2  ||2||252||8  ||8||17 ||17||214||190||190||150||149||146||173||138||181||161||163||150||197||173||175||180||190||185||205||208||172||191||153||152||141||160||155||153||156||151||154||156||171||156||166||176||196||207||211||209||210||221||221||217||228||231||3  ||3||12 ||12||25 ||25||27 ||27||43 ||43||20 ||20||47 ||47||33 ||33||189||151||172||170||152||151||161||237||230||237||233||224||223||223||213||185||200||189||190||223||189||221||35 ||35||40 ||40||37 ||37||55 ||55||14 ||14||213||152||168||147||168||161||193|
|250||247||231||209||168||161||192||237||10 ||10||242||2  ||2||238||244||210||168||159||144||153||173||184||167||155||162||169||160||172||145||162||202||212||226||177||203||143||186||162||145||164||152||149||159||140||150||155||157||152||156||188||187||207||201||225||219||222||213||218||229||243||247||9  ||9||20 ||20||18 ||18||35 ||35||32 ||32||27 ||27||55 ||55||45 ||45||199||155||157||160||146||155||238||230||238||237||228||235||220||200||224||211||194||209||229||192||251||39 ||39||37 ||37||45 ||45||33 ||33||227||144||174||164||182||177||166||185|
|236||223||248||232||188||144||200||244||7  ||7||7  ||7||10 ||10||243||248||220||158||158||150||157||163||149||162||148||154||149||184||164||161||156||158||199||226||214||192||210||199||138||151||163||151||146||155||157||143||169||165||167||153||187||202||187||199||221||210||220||216||221||246||244||246||249||14 ||14||25 ||25||15 ||15||33 ||33||28 ||28||34 ||34||40 ||40||44 ||44||197||154||152||156||158||242||242||250||228||230||222||230||231||215||229||207||210||212||210||32 ||32||35 ||35||60 ||60||41 ||41||7  ||7||173||155||176||179||186||202||172||199|
|205||230||240||242||214||149||195||245||255||24 ||24||0  ||0||248||235||182||144||160||157||155||148||142||167||158||152||161||139||173||158||153||163||182||202||221||213||195||216||157||144||161||147||150||160||155||145||150||186||185||148||188||192||216||191||211||221||227||217||215||239||4  ||4||241||3  ||3||243||3  ||3||15 ||15||25 ||25||27 ||27||39 ||39||47 ||47||48 ||48||40 ||40||157||149||159||164||245||231||237||226||243||234||226||230||240||221||216||224||229||231||32 ||32||29 ||29||58 ||58||28 ||28||235||164||195||182||186||215||181||186||208|
|196||167||0  ||0||6  ||6||234||147||180||243||17 ||17||6  ||6||0  ||0||250||232||206||142||148||151||159||152||148||184||143||157||145||172||154||155||169||175||161||197||223||206||138||236||183||148||159||161||149||164||160||148||153||200||183||147||182||214||195||206||214||224||200||222||239||230||245||252||243||17 ||17||16 ||16||30 ||30||17 ||17||34 ||34||23 ||23||27 ||27||36 ||36||48 ||48||235||144||157||177||227||239||222||240||244||213||236||226||230||218||216||212||248||20 ||20||45 ||45||45 ||45||39 ||39||19 ||19||201||170||179||181||199||186||194||185||221|
|195||152||241||250||226||153||181||222||8  ||8||17 ||17||254||5  ||5||217||207||152||152||161||151||149||151||205||149||145||149||153||171||147||169||179||159||195||226||195||149||5  ||5||171||144||160||149||153||155||159||155||145||186||178||167||201||199||204||213||210||219||221||213||241||224||234||237||245||247||249||8  ||8||24 ||24||33 ||33||36 ||36||35 ||35||30 ||30||49 ||49||55 ||55||162||144||190||241||242||244||236||243||218||231||237||214||209||213||255||22 ||22||55 ||55||41 ||41||56 ||56||51 ||51||250||173||174||189||206||202||186||170||179||198|
|192||147||235||15 ||15||232||160||185||247||19 ||19||5  ||5||16 ||16||241||236||171||149||149||150||150||157||163||209||148||146||159||150||154||143||148||187||151||212||215||210||168||245||194||147||149||151||141||160||149||150||184||207||196||143||181||201||213||208||202||221||223||238||237||227||227||247||1  ||1||6  ||6||15 ||15||14 ||14||11 ||11||25 ||25||31 ||31||34 ||34||37 ||37||58 ||58||53 ||53||220||146||200||236||228||232||241||219||231||232||218||230||211||212||31 ||31||45 ||45||43 ||43||51 ||51||45 ||45||38 ||38||204||201||180||190||205||184||179||208||190||207|
|191||157||216||5  ||5||247||144||185||255||9  ||9||16 ||16||15 ||15||0  ||0||224||164||151||153||159||148||147||174||171||141||158||157||150||159||146||144||184||178||203||224||203||241||193||170||148||155||154||150||154||147||152||188||215||172||162||204||212||207||222||219||209||215||222||208||230||239||241||251||5  ||5||16 ||16||17 ||17||19 ||19||35 ||35||37 ||37||33 ||33||42 ||42||29 ||29||43 ||43||22 ||22||130||198||251||241||226||233||225||243||223||226||215||221||216||40 ||40||49 ||49||50 ||50||31 ||31||55 ||55||249||204||188||170||204||175||188||176||176||193||190|
|196||138||223||8  ||8||232||168||186||244||22 ||22||3  ||3||11 ||11||250||228||181||152||149||145||157||148||145||183||152||154||153||145||164||149||156||141||185||204||211||173||179||208||196||189||191||175||150||155||149||161||204||218||182||166||193||199||208||204||225||216||214||217||218||223||242||230||250||228||251||10 ||10||13 ||13||23 ||23||30 ||30||43 ||43||33 ||33||41 ||41||40 ||40||45 ||45||157||203||243||239||229||229||241||219||242||231||206||215||255||40 ||40||42 ||42||43 ||43||53 ||53||32 ||32||232||189||178||186||200||189||175||212||183||180||207|
|189||141||222||248||7  ||7||151||181||250||10 ||10||22 ||22||5  ||5||6  ||6||226||162||150||154||145||150||149||154||156||158||146||149||160||155||159||167||145||174||202||188||215||164||158||149||146||161||166||162||157||161||187||207||205||186||169||185||214||208||227||210||214||216||228||232||200||236||228||239||255||246||12 ||12||16 ||16||24 ||24||30 ||30||47 ||47||47 ||47||43 ||43||44 ||44||47 ||47||195||232||240||231||227||221||218||244||224||231||220||215||234||53 ||53||48 ||48||43 ||43||34 ||34||32 ||32||198||189||175||195||185||171||176||189||189||172||194|
|180||153||186||5  ||5||245||186||166||248||6  ||6||1  ||1||3  ||3||16 ||16||248||177||166||145||158||154||151||145||161||153||155||152||140||149||157||157||159||184||205||171||183||193||190||136||150||152||156||143||147||173||187||202||209||166||189||212||212||224||219||222||214||230||204||214||227||230||224||235||2  ||2||249||245||254||14 ||14||28 ||28||41 ||41||23 ||23||28 ||28||27 ||27||41 ||41||237||211||214||242||222||227||248||236||248||243||211||209||225||254||27 ||27||54 ||54||52 ||52||248||199||180||165||181||168||172||177||173||187||186||200|
|184||133||207||254||234||175||171||232||3  ||3||19 ||19||6  ||6||245||233||186||142||144||156||144||143||150||149||151||151||151||143||152||164||149||175||145||156||194||140||208||193||149||158||146||157||149||157||171||208||189||200||169||208||219||216||220||209||231||222||222||215||223||209||228||218||241||240||251||11 ||11||15 ||15||9  ||9||35 ||35||15 ||15||40 ||40||44 ||44||38 ||38||37 ||37||55 ||55||224||186||207||199||210||218||3  ||3||232||220||248||240||227||220||9  ||9||44 ||44||37 ||37||242||198||191||175||166||161||188||180||178||186||184||194|
|196||151||174||249||3  ||3||179||165||236||246||20 ||20||1  ||1||1  ||1||219||174||155||149||146||155||151||150||156||153||149||141||147||147||156||175||215||154||144||153||163||182||168||145||154||152||146||162||160||182||187||207||161||162||195||214||229||227||224||209||219||212||219||209||225||221||243||228||244||255||254||2  ||2||27 ||27||14 ||14||23 ||23||32 ||32||47 ||47||44 ||44||31 ||31||55 ||55||209||161||165||172||177||185||203||209||229||230||241||238||223||36 ||36||50 ||50||31 ||31||195||162||169||171||147||189||178||182||183||187||188||177|
|193||154||175||9  ||9||20 ||20||211||171||244||13 ||13||254||9  ||9||251||214||177||155||151||137||149||154||157||147||154||160||157||160||156||152||158||175||223||176||185||168||143||166||142||154||156||147||160||164||196||200||195||145||194||211||204||216||216||207||226||219||223||234||215||214||223||224||222||253||243||248||1  ||1||5  ||5||18 ||18||15 ||15||33 ||33||33 ||33||38 ||38||36 ||36||40 ||40||236||184||175||184||172||169||161||155||179||210||237||10 ||10||8  ||8||45 ||45||36 ||36||237||174||148||173||164||188||198||176||177||199||185||157||183|
|194||152||175||248||6  ||6||205||161||234||5  ||5||12 ||12||2  ||2||250||197||191||154||161||147||146||163||144||167||149||151||140||154||140||143||157||158||211||216||166||179||146||156||159||143||144||151||158||184||213||205||145||162||191||224||219||222||225||215||236||224||231||204||222||235||224||208||220||240||234||242||248||4  ||4||18 ||18||11 ||11||16 ||16||54 ||54||54 ||54||32 ||32||32 ||32||43 ||43||183||184||203||192||168||155||151||148||158||21 ||21||20 ||20||10 ||10||46 ||46||20 ||20||187||155||160||163||166||201||168||189||184||190||169||152||168|
|213||177||188||16 ||16||1  ||1||216||173||228||17 ||17||7  ||7||20 ||20||14 ||14||191||198||146||149||150||153||150||154||148||143||156||153||151||152||152||151||157||159||193||200||170||147||151||146||146||150||155||164||206||191||153||171||207||198||224||210||210||191||228||228||209||217||229||209||214||205||228||243||219||238||238||247||252||245||25 ||25||34 ||34||25 ||25||39 ||39||29 ||29||29 ||29||44 ||44||168||190||209||188||194||176||156||147||153||10 ||10||15 ||15||28 ||28||32 ||32||220||158||156||156||167||186||182||174||188||196||198||182||164||176|
|208||193||203||252||21 ||21||237||181||212||4  ||4||6  ||6||21 ||21||17 ||17||199||182||150||143||155||150||146||145||152||160||161||161||155||142||161||163||147||149||198||162||163||147||153||145||144||154||176||201||187||155||174||198||206||216||215||201||217||225||210||220||228||226||219||222||228||239||223||220||247||247||229||249||248||3  ||3||13 ||13||10 ||10||34 ||34||27 ||27||32 ||32||47 ||47||35 ||35||229||182||185||193||186||187||176||168||167||17 ||17||50 ||50||250||209||160||142||154||170||179||190||160||163||187||196||189||169||151||177|
|202||185||184||236||15 ||15||231||168||220||253||8  ||8||12 ||12||7  ||7||194||176||147||151||145||144||164||161||140||167||150||171||162||150||165||142||174||157||193||201||144||148||157||149||153||156||164||147||154||176||202||195||209||208||213||222||230||208||217||213||212||216||227||210||224||209||222||223||227||234||245||246||238||12 ||12||11 ||11||5  ||5||37 ||37||27 ||27||46 ||46||38 ||38||40 ||40||2  ||2||170||189||203||190||200||180||192||192||245||1  ||1||181||165||163||154||167||189||186||167||163||177||201||204||181||153||151||179|
|197||162||168||235||9  ||9||244||199||228||240||11 ||11||15 ||15||15 ||15||201||148||143||143||159||160||142||157||144||163||148||168||181||139||159||165||166||159||178||186||161||154||147||146||152||156||178||168||189||201||208||215||209||220||222||225||205||213||228||219||222||225||223||241||215||228||227||225||222||228||237||2  ||2||254||252||255||12 ||12||26 ||26||34 ||34||24 ||24||33 ||33||40 ||40||31 ||31||159||193||194||201||194||200||192||200||196||180||164||181||186||156||181||198||171||157||169||188||213||205||178||144||155||183|
|199||150||162||235||34 ||34||20 ||20||189||217||13 ||13||29 ||29||20 ||20||8  ||8||184||159||152||152||151||146||152||154||145||178||155||175||174||176||162||177||148||173||163||177||144||146||146||155||153||182||186||196||201||205||205||197||199||209||190||214||215||217||221||204||216||239||227||237||221||244||212||219||234||226||239||220||253||244||244||32 ||32||13 ||13||25 ||25||22 ||22||30 ||30||40 ||40||46 ||46||189||181||188||201||222||220||207||199||204||180||198||184||168||176||186||172||165||165||180||200||216||175||162||155||139||168|
|194||153||156||250||25 ||25||29 ||29||225||225||7  ||7||5  ||5||6  ||6||253||196||144||145||137||156||154||168||160||141||184||143||174||146||192||153||177||147||156||154||164||185||155||144||160||159||185||196||214||200||196||222||207||209||202||224||203||211||214||213||231||209||224||230||228||237||224||240||226||218||232||230||239||247||255||251||247||24 ||24||44 ||44||39 ||39||37 ||37||28 ||28||54 ||54||229||192||176||192||189||212||208||206||193||210||210||191||189||178||167||169||164||194||192||208||198||170||159||157||151||185|
|225||181||197||11 ||11||55 ||55||36 ||36||248||3  ||3||29 ||29||29 ||29||28 ||28||25 ||25||214||191||189||205||198||201||194||189||205||215||209||222||207||218||203||230||191||204||188||195||205||226||208||202||211||230||240||245||234||242||240||232||233||241||251||246||254||237||244||7  ||7||248||5  ||5||244||241||248||254||1  ||1||11 ||11||239||7  ||7||1  ||1||249||17 ||17||11 ||11||18 ||18||18 ||18||25 ||25||31 ||31||47 ||47||30 ||30||35 ||35||39 ||39||23 ||23||218||222||224||233||238||254||238||241||0  ||0||240||218||224||208||212||211||213||225||242||234||206||196||197||204||216||238|
