|187||155||154||152||149||138||156||163||155||182||156||132||112||82 ||82||104||106||110||105||114||100||113||132||123||118||126||136||137||124||129||133||130||135||136||135||133||133||132||137||131||124||136||132||122||142||121||134||126||132||128||132||149||135||130||122||125||140||125||122||141||125||119||111||115||111||154||158||164||148||155||153||145||141||166||151||162||159||161||159||169||193||217||193||153||118||111||126||127||126||124||132||118||127||123||121||137||123||117||105||152||170|
|156||139||146||130||147||142||147||152||156||153||146||126||92 ||92||76 ||76||70 ||70||96 ||96||83 ||83||96 ||96||101||77 ||77||101||109||100||116||93 ||93||111||114||119||115||107||110||97 ||97||100||122||116||104||102||111||108||107||124||107||111||120||108||94 ||94||103||127||107||108||107||122||116||122||114||107||117||104||93 ||93||117||90 ||90||96 ||96||99 ||99||98 ||98||122||135||150||145||129||142||136||138||142||143||140||134||150||141||150||183||198||196||160||98 ||98||112||106||101||117||108||117||110||90 ||90||121||120||103||109||108||117||102||88 ||88|
|183||147||138||146||148||140||143||140||152||153||153||125||99 ||99||46 ||46||72 ||72||70 ||70||90 ||90||84 ||84||95 ||95||83 ||83||79 ||79||104||100||92 ||92||107||107||110||94 ||94||122||134||119||133||121||119||101||111||111||120||115||104||118||116||113||104||117||127||124||89 ||89||118||115||114||117||101||101||109||104||94 ||94||101||132||108||113||117||85 ||85||98 ||98||122||140||148||136||143||144||155||151||152||147||131||149||154||135||135||157||193||202||199||104||104||105||98 ||98||102||120||114||101||104||106||113||116||109||125||82 ||82||57 ||57||70 ||70|
|165||138||140||142||140||147||148||144||158||158||150||136||85 ||85||74 ||74||92 ||92||73 ||73||96 ||96||98 ||98||80 ||80||86 ||86||87 ||87||90 ||90||94 ||94||110||119||104||104||112||121||118||99 ||99||114||118||111||135||116||123||121||113||106||96 ||96||101||121||123||95 ||95||132||95 ||95||120||125||109||104||123||121||113||101||106||105||106||112||115||96 ||96||99 ||99||118||87 ||87||111||127||141||157||141||152||140||141||145||149||140||146||138||144||141||136||189||205||207||180||92 ||92||84 ||84||108||108||102||108||110||116||115||105||125||120||69 ||69||55 ||55||49 ||49||69 ||69|
|162||133||145||132||142||147||156||143||160||142||149||124||102||64 ||64||82 ||82||89 ||89||100||93 ||93||88 ||88||84 ||84||87 ||87||91 ||91||111||101||116||119||109||117||120||121||117||113||115||109||116||119||107||112||121||117||114||99 ||99||110||112||130||111||118||118||112||122||122||109||115||110||122||96 ||96||112||117||115||96 ||96||90 ||90||100||98 ||98||85 ||85||93 ||93||124||141||136||162||137||138||151||148||142||143||137||142||138||131||140||153||192||202||203||141||91 ||91||103||99 ||99||113||106||104||122||122||103||110||83 ||83||54 ||54||49 ||49||45 ||45||73 ||73|
|157||159||146||130||142||152||141||163||145||132||138||121||85 ||85||64 ||64||76 ||76||83 ||83||93 ||93||80 ||80||89 ||89||82 ||82||90 ||90||82 ||82||103||105||107||107||103||94 ||94||114||120||96 ||96||94 ||94||106||116||101||116||114||103||119||98 ||98||105||102||120||107||118||107||99 ||99||112||116||118||117||119||114||108||120||105||117||98 ||98||109||102||106||105||100||102||88 ||88||115||122||157||123||162||140||146||139||123||128||142||160||142||144||133||132||169||196||207||192||103||99 ||99||118||114||98 ||98||112||109||115||123||84 ||84||43 ||43||42 ||42||49 ||49||65 ||65||76 ||76|
|167||132||134||151||134||156||156||165||156||136||152||112||94 ||94||80 ||80||84 ||84||91 ||91||95 ||95||92 ||92||78 ||78||83 ||83||75 ||75||101||110||114||103||111||120||115||104||113||116||113||101||132||110||97 ||97||99 ||99||113||116||114||98 ||98||105||105||92 ||92||102||122||119||107||115||121||116||104||103||112||98 ||98||127||99 ||99||95 ||95||105||111||107||99 ||99||86 ||86||91 ||91||101||109||130||146||160||145||141||152||134||161||140||149||142||136||155||122||134||126||195||209||213||170||91 ||91||102||100||122||90 ||90||119||108||76 ||76||50 ||50||51 ||51||48 ||48||62 ||62||63 ||63||77 ||77|
|170||144||147||169||154||163||159||154||137||164||137||122||95 ||95||57 ||57||68 ||68||79 ||79||74 ||74||81 ||81||87 ||87||84 ||84||86 ||86||107||100||111||114||92 ||92||109||109||106||118||105||102||106||119||106||97 ||97||95 ||95||109||112||89 ||89||92 ||92||119||108||112||97 ||97||97 ||97||106||113||112||103||124||102||116||105||102||104||114||92 ||92||124||111||94 ||94||103||115||83 ||83||91 ||91||108||141||138||137||165||140||145||125||143||123||139||145||152||143||150||134||135||154||207||219||191||123||82 ||82||107||88 ||88||139||103||76 ||76||47 ||47||66 ||66||46 ||46||46 ||46||52 ||52||57 ||57||68 ||68|
|167||150||128||148||154||141||156||144||140||150||144||122||92 ||92||71 ||71||75 ||75||79 ||79||88 ||88||87 ||87||92 ||92||85 ||85||102||100||105||104||102||129||101||93 ||93||109||104||109||90 ||90||119||123||97 ||97||107||105||111||111||103||104||103||97 ||97||97 ||97||117||108||87 ||87||116||108||112||106||92 ||92||108||115||106||95 ||95||112||112||124||111||102||108||93 ||93||94 ||94||100||108||134||127||141||139||132||143||140||125||136||143||130||144||125||120||142||118||126||184||202||202||188||98 ||98||86 ||86||98 ||98||118||76 ||76||52 ||52||46 ||46||52 ||52||60 ||60||68 ||68||57 ||57||52 ||52||84 ||84|
|166||157||140||162||137||137||139||153||153||145||141||119||102||63 ||63||62 ||62||71 ||71||97 ||97||88 ||88||93 ||93||86 ||86||97 ||97||94 ||94||94 ||94||105||106||92 ||92||107||110||111||105||112||123||100||118||112||107||122||111||115||111||131||124||146||164||161||178||172||146||122||104||113||101||98 ||98||107||112||101||106||98 ||98||105||102||116||97 ||97||89 ||89||86 ||86||91 ||91||106||128||126||137||141||134||139||140||133||152||132||133||138||134||126||139||136||110||155||213||211||216||135||94 ||94||106||75 ||75||49 ||49||56 ||56||47 ||47||45 ||45||58 ||58||51 ||51||46 ||46||44 ||44||75 ||75|
|157||143||161||157||137||120||118||143||153||151||144||127||77 ||77||72 ||72||73 ||73||84 ||84||84 ||84||91 ||91||79 ||79||85 ||85||93 ||93||98 ||98||102||100||116||111||94 ||94||116||105||110||106||118||101||113||104||104||103||128||133||146||146||141||170||155||173||169||161||168||172||171||142||98 ||98||81 ||81||119||113||112||113||103||109||96 ||96||112||101||101||100||92 ||92||109||137||141||138||124||127||146||146||145||132||134||141||131||146||140||126||125||119||141||168||211||212||205||115||79 ||79||53 ||53||43 ||43||52 ||52||52 ||52||54 ||54||47 ||47||49 ||49||59 ||59||48 ||48||68 ||68|
|166||163||161||139||105||114||116||145||145||154||155||148||93 ||93||59 ||59||78 ||78||74 ||74||82 ||82||77 ||77||87 ||87||91 ||91||86 ||86||97 ||97||105||96 ||96||116||105||97 ||97||95 ||95||115||105||103||96 ||96||110||119||117||93 ||93||119||112||129||122||135||129||149||162||147||163||162||171||190||183||176||190||140||85 ||85||97 ||97||104||97 ||97||109||105||98 ||98||90 ||90||99 ||99||100||93 ||93||84 ||84||109||106||131||114||148||123||134||131||137||117||134||129||125||121||113||128||131||138||121||137||186||207||218||139||48 ||48||53 ||53||39 ||39||66 ||66||46 ||46||56 ||56||54 ||54||49 ||49||61 ||61||52 ||52||76 ||76|
|148||157||153||139||99 ||99||95 ||95||144||149||154||145||161||139||91 ||91||71 ||71||62 ||62||71 ||71||70 ||70||77 ||77||81 ||81||82 ||82||87 ||87||82 ||82||95 ||95||98 ||98||111||109||91 ||91||102||112||101||107||125||121||113||119||116||111||140||120||123||114||135||158||145||165||159||164||168||174||157||172||191||194||158||116||95 ||95||105||100||102||92 ||92||102||96 ||96||85 ||85||83 ||83||86 ||86||107||134||125||129||140||134||131||134||125||128||127||118||134||132||119||127||123||122||135||118||161||209||223||102||41 ||41||48 ||48||43 ||43||46 ||46||56 ||56||51 ||51||61 ||61||53 ||53||50 ||50||55 ||55||65 ||65|
|184||163||119||100||54 ||54||89 ||89||138||157||151||147||139||123||83 ||83||70 ||70||62 ||62||75 ||75||93 ||93||87 ||87||82 ||82||69 ||69||78 ||78||86 ||86||99 ||99||89 ||89||100||105||118||107||102||98 ||98||99 ||99||96 ||96||103||115||118||108||105||123||127||111||123||132||120||142||170||180||173||168||176||165||197||179||198||197||185||115||93 ||93||97 ||97||99 ||99||86 ||86||100||90 ||90||110||82 ||82||94 ||94||104||128||130||115||134||129||143||117||124||128||115||123||115||122||121||121||116||132||134||121||140||203||140||54 ||54||52 ||52||40 ||40||53 ||53||64 ||64||46 ||46||41 ||41||54 ||54||49 ||49||53 ||53||46 ||46||82 ||82|
|163||147||116||81 ||81||66 ||66||108||126||143||156||149||136||128||75 ||75||60 ||60||59 ||59||85 ||85||85 ||85||90 ||90||72 ||72||82 ||82||83 ||83||95 ||95||112||95 ||95||104||93 ||93||111||95 ||95||106||103||108||114||93 ||93||83 ||83||113||91 ||91||117||92 ||92||132||111||128||124||145||137||148||169||173||165||184||179||181||193||182||174||189||196||133||85 ||85||90 ||90||100||79 ||79||88 ||88||91 ||91||86 ||86||83 ||83||106||136||138||148||112||124||117||119||125||136||124||133||143||103||139||124||132||130||139||130||130||116||40 ||40||50 ||50||53 ||53||50 ||50||47 ||47||55 ||55||58 ||58||52 ||52||58 ||58||52 ||52||60 ||60||42 ||42||88 ||88|
|173||148||101||58 ||58||62 ||62||104||132||167||167||151||141||129||97 ||97||51 ||51||67 ||67||71 ||71||78 ||78||84 ||84||92 ||92||90 ||90||96 ||96||98 ||98||104||102||96 ||96||116||115||100||111||119||84 ||84||74 ||74||101||107||98 ||98||109||106||129||113||114||104||134||129||126||153||172||173||185||176||170||181||174||177||176||201||207||210||208||97 ||97||63 ||63||92 ||92||100||100||72 ||72||94 ||94||114||139||117||145||126||116||94 ||94||87 ||87||107||145||112||133||123||137||125||125||117||126||135||125||128||53 ||53||50 ||50||47 ||47||58 ||58||52 ||52||50 ||50||50 ||50||54 ||54||55 ||55||37 ||37||73 ||73||54 ||54||60 ||60||159|
|162||114||68 ||68||61 ||61||66 ||66||108||127||153||132||138||143||116||79 ||79||58 ||58||55 ||55||79 ||79||84 ||84||86 ||86||70 ||70||80 ||80||89 ||89||94 ||94||81 ||81||107||91 ||91||95 ||95||111||96 ||96||122||103||96 ||96||96 ||96||87 ||87||95 ||95||113||109||107||117||126||114||119||141||130||129||148||167||192||171||173||182||167||175||177||186||196||201||182||217||171||79 ||79||68 ||68||76 ||76||88 ||88||68 ||68||89 ||89||113||127||136||137||140||121||75 ||75||63 ||63||98 ||98||109||119||117||135||122||134||124||124||133||132||129||50 ||50||53 ||53||47 ||47||58 ||58||63 ||63||53 ||53||50 ||50||47 ||47||57 ||57||54 ||54||66 ||66||57 ||57||61 ||61||136||151|
|144||90 ||90||72 ||72||70 ||70||66 ||66||100||126||150||178||143||137||122||89 ||89||58 ||58||73 ||73||73 ||73||85 ||85||85 ||85||85 ||85||86 ||86||80 ||80||94 ||94||91 ||91||102||110||101||117||107||92 ||92||90 ||90||88 ||88||109||103||110||98 ||98||107||106||100||114||113||116||128||134||142||128||160||172||169||165||168||203||197||193||194||198||200||202||201||205||150||62 ||62||72 ||72||66 ||66||61 ||61||86 ||86||106||119||134||146||142||118||89 ||89||50 ||50||65 ||65||109||139||144||118||126||116||127||118||123||152||70 ||70||57 ||57||43 ||43||63 ||63||49 ||49||45 ||45||51 ||51||50 ||50||38 ||38||43 ||43||49 ||49||54 ||54||66 ||66||142||126||145|
|123||68 ||68||72 ||72||83 ||83||58 ||58||88 ||88||124||160||152||150||134||122||84 ||84||59 ||59||73 ||73||77 ||77||82 ||82||97 ||97||89 ||89||76 ||76||80 ||80||80 ||80||94 ||94||101||99 ||99||103||107||91 ||91||93 ||93||106||87 ||87||100||106||96 ||96||87 ||87||107||134||105||119||117||122||122||121||126||140||152||162||155||188||185||196||199||169||177||184||195||190||210||197||209||131||59 ||59||61 ||61||69 ||69||86 ||86||105||130||143||146||137||108||93 ||93||52 ||52||56 ||56||91 ||91||120||137||124||123||117||132||120||131||110||55 ||55||49 ||49||59 ||59||44 ||44||44 ||44||54 ||54||42 ||42||52 ||52||49 ||49||56 ||56||58 ||58||63 ||63||128||124||151||148|
|111||71 ||71||73 ||73||65 ||65||71 ||71||100||126||135||145||154||131||126||89 ||89||60 ||60||72 ||72||81 ||81||101||89 ||89||73 ||73||95 ||95||93 ||93||83 ||83||105||94 ||94||94 ||94||97 ||97||121||86 ||86||95 ||95||100||92 ||92||98 ||98||102||105||100||121||120||128||116||121||124||120||136||129||144||133||152||194||189||196||195||187||182||180||198||177||190||208||197||190||201||138||70 ||70||67 ||67||76 ||76||100||135||122||138||138||128||76 ||76||61 ||61||50 ||50||64 ||64||107||119||117||133||130||116||127||130||60 ||60||46 ||46||46 ||46||53 ||53||60 ||60||52 ||52||57 ||57||49 ||49||47 ||47||42 ||42||53 ||53||45 ||45||121||126||131||135||161|
|105||67 ||67||84 ||84||90 ||90||66 ||66||88 ||88||132||158||171||145||140||140||94 ||94||52 ||52||70 ||70||68 ||68||79 ||79||78 ||78||81 ||81||80 ||80||75 ||75||73 ||73||103||97 ||97||94 ||94||119||126||90 ||90||87 ||87||103||94 ||94||85 ||85||95 ||95||107||111||123||107||128||121||124||106||122||101||114||149||170||179||180||171||173||180||175||193||178||183||188||182||190||194||193||202||190||135||55 ||55||70 ||70||104||136||135||124||136||120||79 ||79||58 ||58||49 ||49||43 ||43||72 ||72||105||127||130||112||140||142||81 ||81||45 ||45||51 ||51||42 ||42||42 ||42||48 ||48||59 ||59||51 ||51||53 ||53||51 ||51||61 ||61||50 ||50||115||143||124||131||159||167|
|112||70 ||70||89 ||89||76 ||76||56 ||56||107||122||143||157||149||146||120||87 ||87||65 ||65||85 ||85||72 ||72||68 ||68||85 ||85||78 ||78||82 ||82||90 ||90||103||104||94 ||94||88 ||88||143||86 ||86||90 ||90||94 ||94||95 ||95||93 ||93||95 ||95||100||100||98 ||98||118||114||114||112||124||115||108||110||160||162||162||185||174||162||182||186||187||172||182||194||190||190||190||183||198||192||201||193||83 ||83||71 ||71||99 ||99||139||135||141||135||114||86 ||86||44 ||44||51 ||51||53 ||53||47 ||47||73 ||73||131||142||134||121||105||55 ||55||53 ||53||55 ||55||63 ||63||46 ||46||57 ||57||56 ||56||48 ||48||62 ||62||46 ||46||45 ||45||83 ||83||141||123||152||149||153||158|
|116||85 ||85||83 ||83||75 ||75||62 ||62||99 ||99||129||142||140||164||145||114||92 ||92||56 ||56||73 ||73||77 ||77||73 ||73||90 ||90||76 ||76||99 ||99||86 ||86||97 ||97||98 ||98||84 ||84||89 ||89||162||73 ||73||88 ||88||97 ||97||83 ||83||99 ||99||85 ||85||114||109||104||112||126||100||158||113||93 ||93||111||150||183||172||176||174||168||189||168||193||187||185||191||172||188||189||204||196||186||197||195||213||160||55 ||55||96 ||96||124||127||135||129||128||89 ||89||54 ||54||57 ||57||48 ||48||29 ||29||148||200||211||194||185||68 ||68||50 ||50||43 ||43||55 ||55||46 ||46||59 ||59||44 ||44||48 ||48||49 ||49||56 ||56||53 ||53||71 ||71||127||121||147||146||145||136||166|
|106||83 ||83||67 ||67||75 ||75||63 ||63||103||118||154||154||147||152||133||87 ||87||55 ||55||56 ||56||84 ||84||71 ||71||87 ||87||84 ||84||86 ||86||86 ||86||82 ||82||89 ||89||95 ||95||117||176||78 ||78||96 ||96||97 ||97||86 ||86||99 ||99||97 ||97||113||108||97 ||97||109||113||127||105||88 ||88||138||161||166||159||174||159||173||189||164||187||182||180||179||167||188||191||185||196||185||199||213||188||194||209||81 ||81||109||124||129||138||136||122||86 ||86||46 ||46||41 ||41||52 ||52||175||177||171||197||212||207||114||45 ||45||50 ||50||65 ||65||54 ||54||46 ||46||44 ||44||61 ||61||47 ||47||51 ||51||62 ||62||123||128||137||141||148||155||139||154|
|109||77 ||77||76 ||76||72 ||72||63 ||63||85 ||85||131||162||156||147||140||117||74 ||74||61 ||61||61 ||61||74 ||74||79 ||79||69 ||69||77 ||77||73 ||73||93 ||93||94 ||94||86 ||86||94 ||94||147||155||82 ||82||80 ||80||80 ||80||93 ||93||88 ||88||111||112||101||89 ||89||116||104||101||100||141||161||163||154||155||156||167||161||203||179||172||170||179||190||188||195||172||206||177||174||192||196||198||191||190||167||81 ||81||127||130||151||139||138||89 ||89||48 ||48||75 ||75||202||175||198||205||212||202||216||151||42 ||42||55 ||55||51 ||51||50 ||50||50 ||50||62 ||62||57 ||57||51 ||51||53 ||53||95 ||95||141||127||133||142||138||153||145||159|
|112||87 ||87||83 ||83||66 ||66||75 ||75||97 ||97||117||153||148||151||154||132||74 ||74||59 ||59||71 ||71||75 ||75||80 ||80||96 ||96||83 ||83||93 ||93||90 ||90||93 ||93||96 ||96||83 ||83||180||128||87 ||87||96 ||96||91 ||91||86 ||86||102||101||94 ||94||106||96 ||96||115||106||88 ||88||140||158||150||153||165||161||167||156||187||165||151||166||165||179||182||194||173||174||186||178||176||190||178||179||199||205||195||148||112||148||132||133||119||66 ||66||129||185||169||188||182||191||196||198||195||162||35 ||35||55 ||55||46 ||46||54 ||54||50 ||50||43 ||43||60 ||60||48 ||48||59 ||59||138||124||142||140||145||149||149||146||151|
|130||77 ||77||74 ||74||79 ||79||73 ||73||90 ||90||131||145||166||152||146||127||81 ||81||56 ||56||66 ||66||70 ||70||75 ||75||80 ||80||86 ||86||83 ||83||87 ||87||95 ||95||86 ||86||89 ||89||206||125||87 ||87||69 ||69||91 ||91||95 ||95||87 ||87||86 ||86||94 ||94||95 ||95||111||97 ||97||110||139||139||145||129||153||167||153||165||178||162||179||161||160||181||166||179||155||184||196||169||177||169||198||194||181||193||186||170||186||169||143||141||114||133||180||174||183||188||197||201||196||185||198||218||143||55 ||55||48 ||48||55 ||55||47 ||47||46 ||46||60 ||60||53 ||53||46 ||46||105||134||131||147||144||142||138||145||156||161|
|122||90 ||90||80 ||80||92 ||92||76 ||76||90 ||90||112||158||159||167||154||132||82 ||82||61 ||61||57 ||57||88 ||88||93 ||93||79 ||79||83 ||83||81 ||81||85 ||85||98 ||98||82 ||82||95 ||95||190||128||96 ||96||95 ||95||93 ||93||73 ||73||99 ||99||86 ||86||105||98 ||98||99 ||99||96 ||96||116||136||121||121||136||131||181||158||152||151||165||144||157||175||169||161||179||168||196||176||161||171||172||184||177||181||177||173||184||184||185||114||133||177||203||146||182||196||188||186||198||209||196||185||202||118||53 ||53||51 ||51||42 ||42||50 ||50||52 ||52||46 ||46||54 ||54||66 ||66||140||131||153||138||157||148||155||151||139||137|
|123||83 ||83||79 ||79||89 ||89||75 ||75||92 ||92||138||145||171||156||167||122||85 ||85||58 ||58||73 ||73||70 ||70||82 ||82||87 ||87||73 ||73||78 ||78||88 ||88||95 ||95||87 ||87||109||206||125||102||82 ||82||79 ||79||99 ||99||81 ||81||123||88 ||88||104||104||119||138||104||136||134||129||167||135||160||156||162||148||166||171||165||160||162||175||172||178||167||185||167||181||190||179||169||165||179||164||167||181||175||198||161||198||194||186||189||206||195||174||167||184||195||221||75 ||75||55 ||55||60 ||60||54 ||54||51 ||51||54 ||54||58 ||58||57 ||57||121||129||128||134||129||158||142||138||132||149||168|
|112||88 ||88||76 ||76||86 ||86||77 ||77||97 ||97||126||145||152||170||148||139||80 ||80||67 ||67||72 ||72||82 ||82||79 ||79||87 ||87||77 ||77||77 ||77||98 ||98||71 ||71||90 ||90||132||185||130||103||98 ||98||81 ||81||96 ||96||96 ||96||93 ||93||110||104||131||127||133||116||137||137||123||129||150||162||161||153||152||163||157||153||148||158||167||180||174||173||168||178||173||166||169||171||167||145||164||161||185||171||177||199||183||178||189||177||191||189||202||173||189||199||191||48 ||48||40 ||40||54 ||54||66 ||66||48 ||48||51 ||51||53 ||53||91 ||91||151||124||142||153||124||134||143||139||141||147||166|
|116||69 ||69||84 ||84||65 ||65||90 ||90||102||136||141||161||153||163||118||88 ||88||65 ||65||78 ||78||67 ||67||98 ||98||78 ||78||79 ||79||86 ||86||81 ||81||88 ||88||72 ||72||144||170||156||126||99 ||99||98 ||98||81 ||81||95 ||95||98 ||98||90 ||90||133||121||127||111||125||120||136||134||147||139||131||158||147||151||160||168||147||155||148||153||154||149||158||148||176||155||160||166||172||174||153||183||170||182||179||190||177||183||189||188||179||187||186||146||151||160||181||141||41 ||41||52 ||52||46 ||46||48 ||48||49 ||49||56 ||56||67 ||67||130||128||127||151||142||153||142||142||141||129||155||155|
|130||82 ||82||83 ||83||83 ||83||70 ||70||107||139||156||165||163||150||132||85 ||85||53 ||53||77 ||77||80 ||80||77 ||77||78 ||78||87 ||87||75 ||75||89 ||89||87 ||87||79 ||79||123||169||145||131||97 ||97||91 ||91||66 ||66||89 ||89||94 ||94||121||115||118||87 ||87||118||142||122||118||114||145||119||143||138||146||158||151||154||146||151||161||138||157||131||153||172||159||167||139||166||144||148||176||167||191||190||196||186||186||186||193||194||187||208||173||148||157||136||189||78 ||78||52 ||52||53 ||53||57 ||57||42 ||42||57 ||57||52 ||52||107||144||129||157||136||142||138||130||137||143||148||140||146|
|120||77 ||77||73 ||73||80 ||80||82 ||82||91 ||91||131||155||150||161||162||122||79 ||79||59 ||59||69 ||69||89 ||89||76 ||76||77 ||77||75 ||75||77 ||77||81 ||81||90 ||90||63 ||63||153||183||144||139||119||106||97 ||97||88 ||88||122||110||119||104||122||123||126||117||129||117||136||137||136||150||135||121||150||132||139||149||143||157||160||167||159||158||131||148||145||152||162||178||186||188||173||176||166||187||191||197||196||184||195||200||143||151||139||142||186||30 ||30||38 ||38||56 ||56||50 ||50||52 ||52||46 ||46||67 ||67||142||133||146||146||152||152||134||147||147||146||141||156||131|
|105||81 ||81||82 ||82||76 ||76||84 ||84||92 ||92||142||150||165||168||164||134||86 ||86||69 ||69||65 ||65||84 ||84||82 ||82||68 ||68||85 ||85||73 ||73||80 ||80||85 ||85||57 ||57||169||199||172||132||137||122||81 ||81||112||112||119||87 ||87||123||131||117||123||117||117||115||134||136||106||107||94 ||94||109||130||91 ||91||140||156||128||136||147||137||133||140||136||139||172||156||169||184||191||174||168||195||187||177||197||195||189||195||182||174||162||99 ||99||83 ||83||179||112||49 ||49||59 ||59||45 ||45||56 ||56||58 ||58||54 ||54||106||135||147||145||142||149||134||137||144||140||131||152||126||162|
|120||75 ||75||85 ||85||93 ||93||95 ||95||93 ||93||127||155||158||170||159||139||89 ||89||54 ||54||65 ||65||74 ||74||78 ||78||76 ||76||91 ||91||83 ||83||75 ||75||70 ||70||66 ||66||155||186||165||140||134||113||112||96 ||96||129||102||111||118||121||111||113||122||113||125||105||96 ||96||123||99 ||99||75 ||75||61 ||61||151||131||108||88 ||88||94 ||94||108||103||69 ||69||71 ||71||58 ||58||144||164||145||184||178||196||182||191||179||186||191||193||185||197||171||198||186||123||69 ||69||87 ||87||127||188||56 ||56||45 ||45||50 ||50||50 ||50||42 ||42||67 ||67||77 ||77||126||134||150||149||154||139||148||145||149||140||145||143||136||150|
|121||91 ||91||84 ||84||86 ||86||87 ||87||101||128||150||163||154||147||150||84 ||84||58 ||58||65 ||65||78 ||78||79 ||79||80 ||80||69 ||69||75 ||75||74 ||74||79 ||79||64 ||64||139||197||184||137||107||110||82 ||82||103||90 ||90||119||119||111||115||112||113||98 ||98||126||105||104||111||87 ||87||79 ||79||78 ||78||55 ||55||101||100||61 ||61||58 ||58||74 ||74||53 ||53||53 ||53||52 ||52||48 ||48||105||159||170||196||179||186||177||176||197||179||184||188||200||185||181||154||115||71 ||71||83 ||83||83 ||83||130||191||98 ||98||49 ||49||52 ||52||60 ||60||46 ||46||52 ||52||49 ||49||106||134||119||148||154||140||140||144||141||157||155||131||139||128||149|
|115||88 ||88||76 ||76||78 ||78||81 ||81||100||130||149||151||159||166||125||86 ||86||63 ||63||71 ||71||77 ||77||80 ||80||78 ||78||90 ||90||81 ||81||89 ||89||72 ||72||79 ||79||111||196||192||142||111||125||92 ||92||101||110||128||101||97 ||97||122||113||103||109||117||101||97 ||97||99 ||99||90 ||90||66 ||66||53 ||53||61 ||61||89 ||89||80 ||80||69 ||69||76 ||76||47 ||47||75 ||75||34 ||34||38 ||38||122||133||171||177||189||183||186||186||188||183||193||190||184||200||171||102||86 ||86||69 ||69||91 ||91||116||153||189||68 ||68||44 ||44||51 ||51||56 ||56||38 ||38||55 ||55||57 ||57||55 ||55||140||121||137||140||151||141||164||144||143||144||143||152||147||143||150|
|132||83 ||83||88 ||88||71 ||71||86 ||86||107||137||147||140||174||148||135||77 ||77||61 ||61||63 ||63||79 ||79||74 ||74||90 ||90||81 ||81||82 ||82||76 ||76||91 ||91||81 ||81||85 ||85||197||180||160||126||134||101||97 ||97||114||116||97 ||97||114||102||113||112||135||90 ||90||122||58 ||58||69 ||69||66 ||66||53 ||53||42 ||42||76 ||76||79 ||79||48 ||48||69 ||69||79 ||79||69 ||69||54 ||54||36 ||36||129||129||172||181||169||190||162||171||171||179||183||175||189||162||95 ||95||118||120||100||144||151||174||167||89 ||89||38 ||38||56 ||56||44 ||44||47 ||47||47 ||47||51 ||51||40 ||40||90 ||90||123||127||138||157||157||137||164||159||150||137||137||147||145||136||161|
|114||92 ||92||76 ||76||100||89 ||89||105||127||158||170||148||154||127||90 ||90||59 ||59||59 ||59||73 ||73||83 ||83||77 ||77||81 ||81||70 ||70||73 ||73||85 ||85||70 ||70||63 ||63||159||188||161||150||115||96 ||96||118||122||81 ||81||98 ||98||119||123||110||112||101||112||64 ||64||57 ||57||61 ||61||49 ||49||57 ||57||47 ||47||86 ||86||50 ||50||60 ||60||75 ||75||50 ||50||57 ||57||74 ||74||142||130||178||179||177||178||179||169||175||184||179||181||194||105||68 ||68||102||99 ||99||144||157||139||161||181||94 ||94||51 ||51||45 ||45||45 ||45||59 ||59||49 ||49||44 ||44||55 ||55||46 ||46||135||129||150||152||146||171||147||160||138||140||147||149||125||142||152||157|
|139||87 ||87||82 ||82||81 ||81||82 ||82||99 ||99||144||153||163||165||162||131||96 ||96||70 ||70||64 ||64||77 ||77||81 ||81||74 ||74||75 ||75||84 ||84||69 ||69||84 ||84||83 ||83||87 ||87||93 ||93||203||175||175||113||110||105||102||123||119||88 ||88||86 ||86||115||105||53 ||53||57 ||57||63 ||63||67 ||67||41 ||41||75 ||75||44 ||44||54 ||54||56 ||56||48 ||48||58 ||58||67 ||67||86 ||86||54 ||54||126||141||176||186||159||155||171||171||161||178||178||188||177||127||57 ||57||83 ||83||107||98 ||98||124||163||170||161||71 ||71||47 ||47||67 ||67||51 ||51||50 ||50||51 ||51||45 ||45||58 ||58||54 ||54||90 ||90||130||127||146||154||167||152||152||141||141||146||149||143||155||137||139||163|
|110||81 ||81||88 ||88||76 ||76||77 ||77||98 ||98||120||146||154||146||162||142||96 ||96||51 ||51||56 ||56||70 ||70||76 ||76||79 ||79||83 ||83||74 ||74||78 ||78||81 ||81||97 ||97||80 ||80||83 ||83||156||170||178||116||117||107||107||110||86 ||86||100||99 ||99||105||82 ||82||60 ||60||63 ||63||57 ||57||48 ||48||55 ||55||66 ||66||53 ||53||61 ||61||59 ||59||49 ||49||51 ||51||67 ||67||79 ||79||109||111||191||174||176||176||176||174||176||185||169||172||177||181||144||75 ||75||76 ||76||91 ||91||116||109||159||135||65 ||65||49 ||49||51 ||51||40 ||40||57 ||57||51 ||51||57 ||57||44 ||44||46 ||46||57 ||57||130||118||151||152||156||160||147||153||152||161||141||151||146||155||143||133||138|
|137||92 ||92||91 ||91||78 ||78||67 ||67||88 ||88||124||158||168||162||158||137||89 ||89||53 ||53||67 ||67||67 ||67||84 ||84||70 ||70||87 ||87||83 ||83||71 ||71||92 ||92||87 ||87||95 ||95||81 ||81||108||211||169||128||99 ||99||82 ||82||114||91 ||91||92 ||92||114||93 ||93||91 ||91||42 ||42||52 ||52||53 ||53||60 ||60||54 ||54||38 ||38||63 ||63||55 ||55||45 ||45||47 ||47||58 ||58||47 ||47||70 ||70||60 ||60||106||144||165||172||159||158||165||152||163||167||166||180||174||167||179||80 ||80||52 ||52||80 ||80||85 ||85||124||113||61 ||61||57 ||57||39 ||39||55 ||55||54 ||54||50 ||50||50 ||50||48 ||48||60 ||60||48 ||48||70 ||70||119||129||144||146||154||143||160||163||156||149||137||156||145||131||143||155||139|
|135||96 ||96||93 ||93||84 ||84||81 ||81||90 ||90||119||149||166||165||166||144||91 ||91||63 ||63||64 ||64||66 ||66||70 ||70||82 ||82||85 ||85||85 ||85||82 ||82||89 ||89||92 ||92||101||85 ||85||100||211||168||85 ||85||111||128||71 ||71||118||111||102||58 ||58||54 ||54||63 ||63||46 ||46||55 ||55||54 ||54||55 ||55||45 ||45||88 ||88||81 ||81||56 ||56||53 ||53||46 ||46||65 ||65||95 ||95||103||151||174||165||181||163||172||171||147||162||187||186||182||189||181||187||123||59 ||59||60 ||60||71 ||71||124||136||60 ||60||51 ||51||49 ||49||53 ||53||45 ||45||52 ||52||53 ||53||47 ||47||55 ||55||55 ||55||114||132||127||137||160||146||151||164||150||157||149||157||148||145||145||153||144||142|
|122||82 ||82||91 ||91||82 ||82||76 ||76||93 ||93||135||133||168||160||160||145||88 ||88||58 ||58||63 ||63||78 ||78||77 ||77||72 ||72||83 ||83||83 ||83||83 ||83||93 ||93||97 ||97||110||94 ||94||92 ||92||203||141||85 ||85||103||96 ||96||112||95 ||95||92 ||92||86 ||86||41 ||41||58 ||58||42 ||42||51 ||51||53 ||53||48 ||48||56 ||56||67 ||67||43 ||43||96 ||96||62 ||62||50 ||50||66 ||66||111||137||139||124||166||163||147||146||161||167||156||167||183||177||173||197||203||171||124||58 ||58||45 ||45||53 ||53||120||120||49 ||49||52 ||52||55 ||55||47 ||47||52 ||52||48 ||48||51 ||51||44 ||44||46 ||46||51 ||51||115||119||154||147||134||146||148||154||149||166||156||146||141||141||141||146||143||151|
|119||100||71 ||71||75 ||75||79 ||79||79 ||79||124||155||156||156||159||141||92 ||92||74 ||74||59 ||59||78 ||78||81 ||81||78 ||78||80 ||80||96 ||96||74 ||74||105||105||82 ||82||104||87 ||87||188||125||85 ||85||97 ||97||107||114||83 ||83||57 ||57||61 ||61||42 ||42||63 ||63||50 ||50||61 ||61||46 ||46||46 ||46||60 ||60||61 ||61||75 ||75||79 ||79||42 ||42||40 ||40||123||154||160||152||149||153||162||170||146||141||160||152||173||167||193||179||189||193||195||162||86 ||86||54 ||54||49 ||49||93 ||93||146||53 ||53||53 ||53||50 ||50||48 ||48||56 ||56||49 ||49||51 ||51||51 ||51||43 ||43||84 ||84||125||126||154||137||130||150||123||148||141||144||146||149||146||158||132||134||149||149|
|123||91 ||91||78 ||78||80 ||80||62 ||62||92 ||92||119||151||173||161||159||145||97 ||97||56 ||56||57 ||57||81 ||81||89 ||89||81 ||81||85 ||85||78 ||78||89 ||89||83 ||83||97 ||97||106||105||95 ||95||118||132||88 ||88||100||109||97 ||97||70 ||70||61 ||61||48 ||48||56 ||56||69 ||69||55 ||55||52 ||52||57 ||57||59 ||59||55 ||55||61 ||61||65 ||65||69 ||69||43 ||43||115||126||157||185||168||132||173||170||153||123||147||161||162||183||192||193||185||187||192||187||184||94 ||94||58 ||58||53 ||53||82 ||82||152||46 ||46||46 ||46||52 ||52||62 ||62||58 ||58||46 ||46||57 ||57||63 ||63||47 ||47||97 ||97||105||152||161||165||154||132||151||160||120||141||149||122||138||133||142||150||145||133|
|119||72 ||72||80 ||80||85 ||85||60 ||60||82 ||82||130||151||163||162||158||145||92 ||92||56 ||56||65 ||65||82 ||82||86 ||86||74 ||74||89 ||89||73 ||73||89 ||89||90 ||90||99 ||99||103||96 ||96||117||95 ||95||90 ||90||107||101||107||74 ||74||63 ||63||50 ||50||59 ||59||56 ||56||50 ||50||63 ||63||52 ||52||42 ||42||50 ||50||52 ||52||48 ||48||68 ||68||45 ||45||108||116||149||160||179||164||152||154||136||154||141||153||155||163||155||190||184||193||192||195||197||192||112||55 ||55||47 ||47||60 ||60||165||57 ||57||44 ||44||56 ||56||53 ||53||57 ||57||50 ||50||48 ||48||49 ||49||72 ||72||140||129||154||158||151||138||144||151||141||150||138||143||126||145||131||147||148||130||154|
|118||76 ||76||75 ||75||79 ||79||71 ||71||86 ||86||100||156||169||167||155||127||94 ||94||57 ||57||58 ||58||82 ||82||88 ||88||88 ||88||86 ||86||83 ||83||76 ||76||94 ||94||78 ||78||101||98 ||98||114||105||119||94 ||94||118||104||49 ||49||68 ||68||57 ||57||63 ||63||53 ||53||61 ||61||64 ||64||52 ||52||47 ||47||64 ||64||59 ||59||51 ||51||47 ||47||93 ||93||98 ||98||164||164||137||181||178||162||111||117||126||155||150||177||150||191||170||180||191||186||189||194||184||105||67 ||67||55 ||55||56 ||56||148||66 ||66||61 ||61||54 ||54||58 ||58||45 ||45||58 ||58||52 ||52||60 ||60||79 ||79||106||140||158||151||166||148||150||172||134||143||154||141||142||123||127||134||107||124||147|
|127||80 ||80||89 ||89||83 ||83||65 ||65||84 ||84||135||160||155||170||165||133||87 ||87||80 ||80||61 ||61||58 ||58||93 ||93||85 ||85||75 ||75||94 ||94||89 ||89||85 ||85||104||97 ||97||126||117||51 ||51||72 ||72||161||77 ||77||54 ||54||65 ||65||58 ||58||82 ||82||57 ||57||50 ||50||52 ||52||50 ||50||47 ||47||50 ||50||54 ||54||64 ||64||37 ||37||65 ||65||102||160||165||177||155||178||162||95 ||95||105||94 ||94||74 ||74||72 ||72||116||160||166||166||172||175||189||176||167||156||119||75 ||75||54 ||54||49 ||49||48 ||48||133||95 ||95||57 ||57||55 ||55||44 ||44||49 ||49||55 ||55||47 ||47||56 ||56||122||123||152||132||155||142||132||147||141||150||146||139||150||135||141||131||141||125||121||141|
|123||90 ||90||86 ||86||101||60 ||60||91 ||91||123||150||171||160||168||153||91 ||91||66 ||66||64 ||64||81 ||81||80 ||80||87 ||87||75 ||75||84 ||84||85 ||85||90 ||90||100||114||136||136||71 ||71||66 ||66||104||61 ||61||51 ||51||62 ||62||66 ||66||52 ||52||72 ||72||45 ||45||52 ||52||60 ||60||46 ||46||50 ||50||48 ||48||62 ||62||46 ||46||134||136||159||170||151||177||133||107||97 ||97||84 ||84||119||105||89 ||89||70 ||70||101||131||155||159||178||166||177||119||78 ||78||76 ||76||81 ||81||71 ||71||46 ||46||57 ||57||117||97 ||97||60 ||60||48 ||48||54 ||54||57 ||57||58 ||58||57 ||57||83 ||83||111||119||155||152||156||166||153||133||156||132||139||144||152||142||155||157||137||135||128||135|
|120||76 ||76||82 ||82||79 ||79||67 ||67||76 ||76||133||145||165||169||159||120||104||58 ||58||59 ||59||76 ||76||81 ||81||85 ||85||93 ||93||85 ||85||65 ||65||104||138||136||127||139||105||71 ||71||63 ||63||59 ||59||89 ||89||52 ||52||92 ||92||33 ||33||58 ||58||48 ||48||48 ||48||47 ||47||85 ||85||49 ||49||50 ||50||47 ||47||102||127||173||170||185||173||116||59 ||59||55 ||55||52 ||52||47 ||47||51 ||51||44 ||44||84 ||84||100||110||125||141||162||187||172||111||73 ||73||58 ||58||57 ||57||46 ||46||47 ||47||51 ||51||53 ||53||118||104||61 ||61||46 ||46||59 ||59||48 ||48||56 ||56||40 ||40||90 ||90||137||150||130||141||140||155||141||147||141||137||152||153||138||138||143||146||153||132||139||141|
|113||78 ||78||73 ||73||71 ||71||73 ||73||65 ||65||130||163||165||171||180||135||90 ||90||58 ||58||58 ||58||73 ||73||79 ||79||77 ||77||75 ||75||66 ||66||67 ||67||178||133||134||125||111||59 ||59||46 ||46||59 ||59||61 ||61||49 ||49||61 ||61||84 ||84||35 ||35||52 ||52||55 ||55||58 ||58||48 ||48||63 ||63||63 ||63||48 ||48||48 ||48||119||175||163||187||191||122||53 ||53||50 ||50||59 ||59||61 ||61||57 ||57||143||93 ||93||51 ||51||97 ||97||95 ||95||103||132||163||194||114||55 ||55||55 ||55||100||77 ||77||53 ||53||54 ||54||46 ||46||58 ||58||99 ||99||116||48 ||48||68 ||68||48 ||48||63 ||63||54 ||54||49 ||49||112||121||151||148||146||149||131||143||140||150||145||143||140||158||132||140||130||117||124||118||132|
|120||93 ||93||73 ||73||69 ||69||69 ||69||69 ||69||123||149||169||159||156||141||103||61 ||61||68 ||68||89 ||89||86 ||86||92 ||92||78 ||78||78 ||78||56 ||56||125||151||166||97 ||97||63 ||63||52 ||52||62 ||62||47 ||47||57 ||57||55 ||55||96 ||96||89 ||89||52 ||52||51 ||51||48 ||48||74 ||74||49 ||49||44 ||44||57 ||57||42 ||42||79 ||79||117||164||176||194||139||77 ||77||77 ||77||53 ||53||85 ||85||72 ||72||50 ||50||182||183||80 ||80||68 ||68||86 ||86||102||125||195||196||86 ||86||70 ||70||47 ||47||127||111||53 ||53||45 ||45||53 ||53||62 ||62||97 ||97||109||70 ||70||49 ||49||54 ||54||46 ||46||42 ||42||59 ||59||130||131||149||125||155||136||149||145||131||136||137||150||135||123||141||159||144||122||129||117||150|
|136||89 ||89||73 ||73||74 ||74||65 ||65||71 ||71||143||157||162||184||159||136||110||54 ||54||67 ||67||84 ||84||95 ||95||93 ||93||73 ||73||61 ||61||108||148||182||121||55 ||55||54 ||54||77 ||77||72 ||72||51 ||51||63 ||63||63 ||63||79 ||79||93 ||93||46 ||46||57 ||57||54 ||54||54 ||54||50 ||50||45 ||45||40 ||40||68 ||68||113||150||180||203||128||98 ||98||112||127||85 ||85||84 ||84||97 ||97||146||177||154||125||109||107||117||135||197||178||98 ||98||111||123||167||74 ||74||56 ||56||60 ||60||52 ||52||45 ||45||80 ||80||130||73 ||73||46 ||46||46 ||46||61 ||61||46 ||46||110||126||135||147||151||135||128||136||146||142||134||154||135||137||137||128||127||127||130||144||168||177|
|124||82 ||82||78 ||78||70 ||70||52 ||52||74 ||74||123||161||157||177||173||146||101||61 ||61||59 ||59||96 ||96||101||116||71 ||71||122||119||98 ||98||78 ||78||47 ||47||47 ||47||91 ||91||74 ||74||44 ||44||59 ||59||64 ||64||54 ||54||93 ||93||90 ||90||78 ||78||62 ||62||57 ||57||48 ||48||57 ||57||56 ||56||30 ||30||120||123||177||191||137||86 ||86||102||112||125||123||98 ||98||104||117||103||136||148||100||96 ||96||97 ||97||118||191||177||128||116||92 ||92||73 ||73||70 ||70||74 ||74||43 ||43||50 ||50||55 ||55||68 ||68||158||62 ||62||49 ||49||57 ||57||45 ||45||44 ||44||116||113||154||135||154||143||132||136||128||136||147||132||154||117||124||125||116||153||171||179||178||186|
|112||87 ||87||67 ||67||54 ||54||59 ||59||61 ||61||128||136||177||179||164||127||103||72 ||72||69 ||69||83 ||83||90 ||90||92 ||92||122||120||75 ||75||65 ||65||60 ||60||46 ||46||57 ||57||68 ||68||90 ||90||58 ||58||40 ||40||49 ||49||92 ||92||90 ||90||69 ||69||74 ||74||45 ||45||46 ||46||50 ||50||46 ||46||48 ||48||60 ||60||108||158||175||138||63 ||63||95 ||95||114||131||134||136||141||136||146||140||146||132||129||123||107||117||182||186||168||140||115||91 ||91||81 ||81||93 ||93||63 ||63||48 ||48||46 ||46||79 ||79||152||69 ||69||59 ||59||55 ||55||59 ||59||56 ||56||129||124||115||150||140||135||148||149||121||136||137||131||138||133||123||131||170||193||183||192||178||196|
|115||81 ||81||68 ||68||54 ||54||61 ||61||52 ||52||125||153||152||166||188||139||100||55 ||55||79 ||79||90 ||90||92 ||92||99 ||99||111||129||105||59 ||59||53 ||53||61 ||61||89 ||89||84 ||84||90 ||90||37 ||37||62 ||62||67 ||67||71 ||71||73 ||73||109||79 ||79||70 ||70||48 ||48||43 ||43||49 ||49||47 ||47||116||148||171||180||57 ||57||87 ||87||89 ||89||106||138||134||135||153||150||161||165||158||127||123||109||82 ||82||108||165||202||161||131||128||99 ||99||105||83 ||83||53 ||53||58 ||58||61 ||61||73 ||73||164||44 ||44||45 ||45||54 ||54||60 ||60||89 ||89||118||138||147||143||136||135||146||118||144||141||132||133||123||129||109||175||196||180||190||176||184||174|
|104||61 ||61||54 ||54||53 ||53||54 ||54||68 ||68||119||146||166||165||183||148||112||59 ||59||71 ||71||86 ||86||100||110||96 ||96||54 ||54||46 ||46||52 ||52||64 ||64||67 ||67||89 ||89||84 ||84||52 ||52||40 ||40||48 ||48||54 ||54||67 ||67||66 ||66||42 ||42||94 ||94||86 ||86||56 ||56||63 ||63||53 ||53||83 ||83||108||177||182||67 ||67||65 ||65||104||85 ||85||128||121||156||141||155||167||153||145||144||128||128||121||99 ||99||112||158||212||155||157||136||98 ||98||113||73 ||73||65 ||65||53 ||53||61 ||61||58 ||58||146||75 ||75||43 ||43||50 ||50||45 ||45||97 ||97||125||148||153||146||137||117||142||138||128||128||142||130||128||129||167||167||177||187||195||170||202||201|
|106||54 ||54||58 ||58||64 ||64||54 ||54||69 ||69||114||153||157||168||146||148||105||78 ||78||67 ||67||84 ||84||84 ||84||94 ||94||67 ||67||78 ||78||76 ||76||65 ||65||71 ||71||53 ||53||84 ||84||72 ||72||50 ||50||43 ||43||62 ||62||45 ||45||44 ||44||58 ||58||54 ||54||94 ||94||128||54 ||54||41 ||41||49 ||49||109||137||190||114||41 ||41||63 ||63||85 ||85||101||101||114||136||139||163||160||165||157||155||129||111||117||97 ||97||118||151||206||149||152||126||117||101||79 ||79||46 ||46||52 ||52||64 ||64||53 ||53||146||100||53 ||53||49 ||49||40 ||40||137||130||140||134||147||148||146||135||136||126||140||127||115||120||145||176||187||189||189||196||185||203||202|
|107||65 ||65||62 ||62||58 ||58||48 ||48||68 ||68||105||157||144||161||159||131||98 ||98||64 ||64||96 ||96||73 ||73||102||133||71 ||71||82 ||82||70 ||70||72 ||72||60 ||60||56 ||56||109||76 ||76||54 ||54||67 ||67||44 ||44||54 ||54||52 ||52||58 ||58||47 ||47||111||84 ||84||131||35 ||35||91 ||91||97 ||97||177||153||52 ||52||49 ||49||72 ||72||91 ||91||102||122||114||128||132||138||152||155||167||127||136||109||106||110||100||145||206||173||121||136||116||119||71 ||71||56 ||56||61 ||61||55 ||55||43 ||43||133||116||52 ||52||60 ||60||71 ||71||130||146||154||148||150||124||127||135||147||132||134||135||129||113||175||208||185||200||174||180||216||188||198|
|111||59 ||59||62 ||62||57 ||57||60 ||60||57 ||57||122||138||152||163||164||131||104||62 ||62||76 ||76||110||108||96 ||96||51 ||51||95 ||95||60 ||60||59 ||59||98 ||98||84 ||84||104||84 ||84||46 ||46||49 ||49||47 ||47||56 ||56||85 ||85||54 ||54||86 ||86||133||88 ||88||77 ||77||47 ||47||106||130||183||52 ||52||44 ||44||57 ||57||59 ||59||88 ||88||94 ||94||103||115||151||138||141||150||138||144||141||133||108||119||99 ||99||101||132||203||162||153||125||108||106||56 ||56||55 ||55||48 ||48||56 ||56||48 ||48||121||130||39 ||39||43 ||43||100||114||145||155||138||152||149||135||146||127||142||135||135||111||153||180||191||186||185||198||204||194||201||196|
|106||53 ||53||54 ||54||61 ||61||48 ||48||62 ||62||106||156||164||164||166||138||103||63 ||63||75 ||75||82 ||82||99 ||99||85 ||85||62 ||62||72 ||72||75 ||75||52 ||52||90 ||90||62 ||62||88 ||88||70 ||70||63 ||63||45 ||45||62 ||62||48 ||48||64 ||64||97 ||97||100||79 ||79||61 ||61||45 ||45||90 ||90||103||167||121||46 ||46||42 ||42||79 ||79||67 ||67||75 ||75||102||100||119||107||134||129||135||155||137||140||124||103||120||114||95 ||95||132||195||172||130||110||109||110||62 ||62||59 ||59||70 ||70||49 ||49||50 ||50||106||136||54 ||54||52 ||52||116||143||139||131||149||132||133||143||142||144||138||123||121||135||179||186||197||189||188||206||183||193||208||193|
|106||77 ||77||65 ||65||60 ||60||55 ||55||61 ||61||111||140||158||157||183||144||100||68 ||68||91 ||91||63 ||63||102||87 ||87||61 ||61||100||54 ||54||75 ||75||67 ||67||69 ||69||58 ||58||95 ||95||81 ||81||43 ||43||48 ||48||43 ||43||49 ||49||56 ||56||69 ||69||49 ||49||53 ||53||60 ||60||150||147||156||57 ||57||43 ||43||46 ||46||89 ||89||66 ||66||93 ||93||99 ||99||89 ||89||130||114||118||123||134||134||143||146||106||102||111||95 ||95||111||117||184||165||118||127||92 ||92||85 ||85||41 ||41||51 ||51||58 ||58||56 ||56||42 ||42||113||152||68 ||68||51 ||51||136||119||145||143||146||149||131||135||132||130||146||141||134||154||201||198||180||187||189||204||205||204||189||195|
|102||56 ||56||65 ||65||49 ||49||65 ||65||71 ||71||111||143||165||164||170||165||93 ||93||65 ||65||62 ||62||91 ||91||82 ||82||75 ||75||69 ||69||79 ||79||42 ||42||82 ||82||64 ||64||69 ||69||69 ||69||108||69 ||69||40 ||40||67 ||67||73 ||73||51 ||51||81 ||81||63 ||63||56 ||56||51 ||51||100||177||165||63 ||63||49 ||49||54 ||54||42 ||42||87 ||87||64 ||64||91 ||91||91 ||91||109||99 ||99||104||138||120||136||134||139||126||128||100||90 ||90||81 ||81||72 ||72||103||150||133||128||124||111||63 ||63||42 ||42||50 ||50||55 ||55||68 ||68||56 ||56||85 ||85||145||70 ||70||88 ||88||147||144||141||146||138||134||125||141||133||137||121||126||133||150||188||195||180||207||191||185||180||215||186||192|
|110||54 ||54||63 ||63||63 ||63||51 ||51||93 ||93||146||148||166||155||164||137||102||64 ||64||69 ||69||84 ||84||87 ||87||72 ||72||64 ||64||54 ||54||76 ||76||61 ||61||65 ||65||70 ||70||93 ||93||94 ||94||117||50 ||50||73 ||73||118||31 ||31||80 ||80||67 ||67||87 ||87||125||90 ||90||141||104||52 ||52||50 ||50||54 ||54||45 ||45||95 ||95||82 ||82||85 ||85||102||105||89 ||89||113||135||140||143||134||162||143||133||128||115||140||129||174||177||149||137||109||95 ||95||44 ||44||48 ||48||55 ||55||66 ||66||61 ||61||53 ||53||63 ||63||140||67 ||67||110||130||151||127||145||144||153||141||132||147||131||136||126||119||180||199||195||200||195||207||201||196||198||192||198|
|105||55 ||55||70 ||70||53 ||53||65 ||65||92 ||92||123||161||159||145||167||144||99 ||99||60 ||60||73 ||73||77 ||77||123||70 ||70||54 ||54||81 ||81||60 ||60||53 ||53||48 ||48||64 ||64||82 ||82||76 ||76||106||88 ||88||63 ||63||73 ||73||56 ||56||57 ||57||119||161||126||101||137||42 ||42||53 ||53||50 ||50||60 ||60||48 ||48||88 ||88||73 ||73||106||102||94 ||94||106||122||93 ||93||120||118||123||128||129||122||123||132||170||161||180||174||130||115||121||58 ||58||52 ||52||50 ||50||51 ||51||71 ||71||51 ||51||54 ||54||67 ||67||140||76 ||76||142||147||141||156||140||143||137||155||126||126||139||135||130||133||168||188||192||178||198||189||194||198||194||202||203|
|103||56 ||56||62 ||62||55 ||55||55 ||55||87 ||87||134||130||160||155||172||162||108||71 ||71||74 ||74||101||91 ||91||58 ||58||65 ||65||82 ||82||57 ||57||47 ||47||48 ||48||62 ||62||59 ||59||60 ||60||111||94 ||94||104||38 ||38||69 ||69||94 ||94||157||149||93 ||93||126||56 ||56||49 ||49||66 ||66||60 ||60||43 ||43||48 ||48||74 ||74||73 ||73||90 ||90||108||109||108||118||100||117||117||125||130||129||134||111||136||183||188||179||188||122||124||88 ||88||36 ||36||50 ||50||47 ||47||44 ||44||58 ||58||63 ||63||54 ||54||56 ||56||139||101||131||135||157||157||139||151||125||135||148||136||127||132||122||150||173||194||193||206||188||188||198||206||208||191||213|
|100||59 ||59||62 ||62||65 ||65||45 ||45||110||123||160||164||160||173||165||105||59 ||59||84 ||84||80 ||80||89 ||89||65 ||65||64 ||64||52 ||52||56 ||56||51 ||51||65 ||65||69 ||69||62 ||62||63 ||63||55 ||55||87 ||87||97 ||97||75 ||75||122||168||162||89 ||89||115||81 ||81||48 ||48||76 ||76||44 ||44||56 ||56||53 ||53||53 ||53||70 ||70||73 ||73||80 ||80||95 ||95||116||99 ||99||111||121||113||117||105||118||129||101||106||144||129||134||145||128||114||112||45 ||45||49 ||49||54 ||54||56 ||56||55 ||55||75 ||75||60 ||60||56 ||56||54 ||54||125||111||122||139||150||141||128||142||147||137||133||127||141||128||123||151||199||188||202||197||198||213||194||203||208||189||211|
|106||47 ||47||56 ||56||57 ||57||69 ||69||80 ||80||144||153||163||167||176||149||103||68 ||68||106||76 ||76||127||41 ||41||65 ||65||62 ||62||51 ||51||55 ||55||56 ||56||98 ||98||72 ||72||69 ||69||75 ||75||68 ||68||64 ||64||110||145||203||125||92 ||92||118||49 ||49||48 ||48||58 ||58||55 ||55||65 ||65||54 ||54||49 ||49||69 ||69||81 ||81||82 ||82||95 ||95||115||120||118||105||116||118||83 ||83||79 ||79||77 ||77||91 ||91||67 ||67||78 ||78||75 ||75||101||73 ||73||92 ||92||107||104||45 ||45||53 ||53||57 ||57||54 ||54||60 ||60||51 ||51||55 ||55||61 ||61||51 ||51||135||116||141||135||123||137||149||155||118||146||143||139||136||136||111||159||178||199||193||204||206||192||204||193||188||194||203|
|103||63 ||63||59 ||59||53 ||53||67 ||67||98 ||98||139||156||171||150||171||150||113||104||53 ||53||109||96 ||96||58 ||58||58 ||58||51 ||51||66 ||66||51 ||51||98 ||98||86 ||86||66 ||66||73 ||73||78 ||78||67 ||67||92 ||92||115||117||161||97 ||97||157||48 ||48||56 ||56||55 ||55||58 ||58||52 ||52||49 ||49||57 ||57||62 ||62||55 ||55||84 ||84||70 ||70||99 ||99||95 ||95||94 ||94||93 ||93||106||138||123||109||89 ||89||85 ||85||97 ||97||118||147||154||146||124||110||119||55 ||55||39 ||39||56 ||56||50 ||50||52 ||52||68 ||68||61 ||61||57 ||57||65 ||65||54 ||54||113||122||117||153||136||143||135||143||135||134||126||151||150||122||119||144||198||205||199||208||195||199||192||213||201||200||202|
|104||50 ||50||65 ||65||52 ||52||70 ||70||99 ||99||126||160||165||175||158||154||128||62 ||62||69 ||69||115||91 ||91||54 ||54||95 ||95||50 ||50||68 ||68||52 ||52||97 ||97||102||57 ||57||70 ||70||81 ||81||87 ||87||99 ||99||123||144||131||170||48 ||48||46 ||46||52 ||52||58 ||58||39 ||39||65 ||65||49 ||49||52 ||52||65 ||65||58 ||58||66 ||66||52 ||52||76 ||76||88 ||88||99 ||99||104||112||128||128||121||103||109||102||84 ||84||103||104||114||118||143||73 ||73||41 ||41||59 ||59||52 ||52||55 ||55||51 ||51||62 ||62||58 ||58||65 ||65||66 ||66||52 ||52||108||142||144||149||154||136||145||138||136||143||136||120||133||129||105||170||201||203||197||195||196||211||199||193||193||208||204|
|104||44 ||44||62 ||62||56 ||56||80 ||80||87 ||87||122||147||165||161||168||144||109||50 ||50||101||84 ||84||65 ||65||70 ||70||68 ||68||53 ||53||60 ||60||48 ||48||130||69 ||69||99 ||99||63 ||63||90 ||90||114||77 ||77||81 ||81||161||146||90 ||90||46 ||46||42 ||42||56 ||56||47 ||47||51 ||51||50 ||50||55 ||55||58 ||58||58 ||58||59 ||59||65 ||65||48 ||48||74 ||74||82 ||82||94 ||94||96 ||96||100||109||126||116||125||103||101||116||97 ||97||114||122||142||104||56 ||56||61 ||61||42 ||42||54 ||54||51 ||51||46 ||46||76 ||76||58 ||58||61 ||61||60 ||60||59 ||59||117||120||123||136||142||147||133||137||154||141||154||149||108||125||109||166||209||198||201||202||206||202||196||191||197||189||198|
|90 ||90||63 ||63||67 ||67||44 ||44||96 ||96||84 ||84||112||156||160||165||158||154||120||48 ||48||89 ||89||69 ||69||60 ||60||69 ||69||55 ||55||50 ||50||62 ||62||45 ||45||110||108||110||87 ||87||64 ||64||91 ||91||96 ||96||84 ||84||164||123||29 ||29||56 ||56||58 ||58||49 ||49||46 ||46||55 ||55||45 ||45||53 ||53||53 ||53||53 ||53||46 ||46||58 ||58||58 ||58||58 ||58||67 ||67||100||103||86 ||86||115||115||124||125||123||124||155||162||133||138||141||76 ||76||42 ||42||47 ||47||47 ||47||62 ||62||48 ||48||45 ||45||71 ||71||65 ||65||58 ||58||59 ||59||56 ||56||121||147||134||146||133||152||130||139||142||143||131||129||122||114||109||172||216||195||203||204||194||192||204||201||195||204||193|
|96 ||96||45 ||45||51 ||51||54 ||54||85 ||85||98 ||98||119||138||168||164||152||130||122||57 ||57||72 ||72||78 ||78||51 ||51||73 ||73||48 ||48||53 ||53||58 ||58||52 ||52||109||59 ||59||79 ||79||109||98 ||98||83 ||83||90 ||90||72 ||72||120||56 ||56||47 ||47||57 ||57||47 ||47||59 ||59||52 ||52||45 ||45||45 ||45||57 ||57||57 ||57||42 ||42||62 ||62||51 ||51||53 ||53||63 ||63||47 ||47||63 ||63||73 ||73||100||115||116||116||130||143||146||159||138||167||120||115||51 ||51||56 ||56||45 ||45||50 ||50||57 ||57||51 ||51||49 ||49||85 ||85||71 ||71||61 ||61||55 ||55||54 ||54||117||149||139||138||159||146||144||153||138||145||132||126||121||119||108||183||198||218||188||190||206||198||193||194||194||201||188|
|100||61 ||61||49 ||49||57 ||57||77 ||77||90 ||90||115||162||158||149||181||137||111||61 ||61||77 ||77||60 ||60||50 ||50||86 ||86||54 ||54||56 ||56||54 ||54||55 ||55||97 ||97||64 ||64||66 ||66||84 ||84||114||102||113||89 ||89||80 ||80||49 ||49||48 ||48||43 ||43||59 ||59||59 ||59||49 ||49||59 ||59||55 ||55||50 ||50||52 ||52||51 ||51||59 ||59||48 ||48||50 ||50||59 ||59||56 ||56||46 ||46||64 ||64||76 ||76||82 ||82||118||109||110||144||143||147||146||147||113||111||52 ||52||52 ||52||44 ||44||54 ||54||48 ||48||45 ||45||47 ||47||80 ||80||78 ||78||68 ||68||71 ||71||72 ||72||105||149||128||143||144||143||132||138||154||127||135||116||132||107||104||198||209||192||206||208||206||207||196||195||182||132||110|
|90 ||90||55 ||55||50 ||50||42 ||42||69 ||69||87 ||87||125||137||157||169||150||146||90 ||90||76 ||76||129||97 ||97||40 ||40||61 ||61||57 ||57||52 ||52||65 ||65||43 ||43||100||109||53 ||53||74 ||74||81 ||81||94 ||94||122||109||144||87 ||87||48 ||48||56 ||56||47 ||47||67 ||67||44 ||44||57 ||57||54 ||54||52 ||52||46 ||46||47 ||47||60 ||60||51 ||51||63 ||63||53 ||53||53 ||53||62 ||62||74 ||74||88 ||88||91 ||91||101||114||131||110||154||166||140||138||129||96 ||96||41 ||41||60 ||60||48 ||48||57 ||57||55 ||55||41 ||41||52 ||52||75 ||75||75 ||75||68 ||68||61 ||61||55 ||55||119||136||120||107||106||118||129||139||142||136||140||132||123||101||129||208||196||206||187||199||188||191||163||130||71 ||71||48 ||48||68 ||68|
|88 ||88||44 ||44||47 ||47||48 ||48||75 ||75||57 ||57||128||148||173||162||173||134||130||132||60 ||60||93 ||93||43 ||43||69 ||69||39 ||39||39 ||39||56 ||56||51 ||51||84 ||84||106||75 ||75||48 ||48||95 ||95||108||87 ||87||111||63 ||63||125||82 ||82||39 ||39||45 ||45||55 ||55||44 ||44||60 ||60||45 ||45||50 ||50||60 ||60||47 ||47||60 ||60||51 ||51||54 ||54||51 ||51||64 ||64||89 ||89||96 ||96||107||116||111||123||113||134||124||124||134||160||164||194||182||108||66 ||66||39 ||39||62 ||62||52 ||52||57 ||57||87 ||87||74 ||74||63 ||63||66 ||66||65 ||65||125||120||107||92 ||92||97 ||97||120||113||111||109||122||128||131||117||119||140||208||193||191||190||186||200||188||124||53 ||53||52 ||52||60 ||60||96 ||96|
|122||80 ||80||56 ||56||51 ||51||56 ||56||63 ||63||96 ||96||138||156||158||153||153||132||58 ||58||100||59 ||59||45 ||45||57 ||57||56 ||56||45 ||45||78 ||78||55 ||55||48 ||48||112||89 ||89||96 ||96||106||58 ||58||80 ||80||97 ||97||89 ||89||140||89 ||89||83 ||83||63 ||63||55 ||55||51 ||51||60 ||60||61 ||61||49 ||49||51 ||51||54 ||54||50 ||50||58 ||58||76 ||76||46 ||46||70 ||70||90 ||90||89 ||89||107||113||113||123||128||126||116||120||125||158||165||181||190||187||194||129||62 ||62||51 ||51||47 ||47||90 ||90||86 ||86||61 ||61||65 ||65||58 ||58||133||128||122||118||118||92 ||92||94 ||94||89 ||89||99 ||99||82 ||82||105||100||98 ||98||90 ||90||135||196||188||201||203||190||188||113||45 ||45||56 ||56||68 ||68||69 ||69||96 ||96|
|160||132||85 ||85||64 ||64||75 ||75||43 ||43||99 ||99||149||158||152||164||173||114||90 ||90||90 ||90||50 ||50||49 ||49||46 ||46||73 ||73||38 ||38||81 ||81||61 ||61||63 ||63||50 ||50||97 ||97||73 ||73||75 ||75||80 ||80||90 ||90||85 ||85||105||108||72 ||72||91 ||91||53 ||53||52 ||52||41 ||41||60 ||60||55 ||55||53 ||53||56 ||56||51 ||51||54 ||54||56 ||56||71 ||71||56 ||56||66 ||66||76 ||76||96 ||96||107||111||109||110||121||121||117||128||131||159||168||181||183||199||176||203||189||89 ||89||51 ||51||72 ||72||70 ||70||52 ||52||51 ||51||61 ||61||137||130||137||133||124||123||123||113||85 ||85||100||89 ||89||90 ||90||123||89 ||89||121||191||196||193||211||170||113||52 ||52||68 ||68||47 ||47||68 ||68||61 ||61||93 ||93|
|150||147||131||109||68 ||68||61 ||61||92 ||92||137||166||142||158||138||144||110||68 ||68||59 ||59||44 ||44||53 ||53||73 ||73||84 ||84||67 ||67||55 ||55||62 ||62||69 ||69||60 ||60||72 ||72||45 ||45||62 ||62||102||112||126||77 ||77||103||43 ||43||86 ||86||62 ||62||45 ||45||64 ||64||52 ||52||49 ||49||59 ||59||40 ||40||50 ||50||55 ||55||57 ||57||52 ||52||56 ||56||88 ||88||87 ||87||107||101||125||119||122||113||118||129||143||147||165||176||174||191||188||183||211||201||99 ||99||55 ||55||57 ||57||60 ||60||46 ||46||55 ||55||138||130||138||137||128||135||120||100||124||111||94 ||94||109||129||92 ||92||151||195||193||201||189||127||44 ||44||74 ||74||64 ||64||82 ||82||77 ||77||66 ||66||85 ||85|
|136||123||148||132||88 ||88||44 ||44||100||144||163||163||166||143||148||120||58 ||58||58 ||58||50 ||50||57 ||57||63 ||63||49 ||49||62 ||62||48 ||48||54 ||54||49 ||49||84 ||84||64 ||64||61 ||61||56 ||56||58 ||58||99 ||99||126||114||92 ||92||110||99 ||99||38 ||38||51 ||51||63 ||63||51 ||51||46 ||46||55 ||55||57 ||57||43 ||43||69 ||69||65 ||65||67 ||67||53 ||53||87 ||87||102||87 ||87||99 ||99||121||110||120||116||121||146||144||146||149||170||181||171||189||184||190||196||200||97 ||97||54 ||54||52 ||52||56 ||56||58 ||58||142||142||150||128||130||122||130||131||115||129||107||110||112||110||188||191||216||197||163||73 ||73||55 ||55||76 ||76||79 ||79||86 ||86||102||72 ||72||99 ||99|
|105||130||140||142||114||49 ||49||95 ||95||145||155||180||156||148||135||82 ||82||44 ||44||60 ||60||57 ||57||55 ||55||48 ||48||42 ||42||67 ||67||58 ||58||52 ||52||61 ||61||39 ||39||73 ||73||58 ||58||53 ||53||63 ||63||82 ||82||102||121||113||95 ||95||116||57 ||57||44 ||44||61 ||61||47 ||47||50 ||50||60 ||60||55 ||55||45 ||45||50 ||50||86 ||86||85 ||85||48 ||48||88 ||88||92 ||92||116||91 ||91||111||121||127||117||115||139||160||141||159||143||159||171||181||183||195||203||204||196||57 ||57||49 ||49||59 ||59||64 ||64||145||131||137||126||143||134||126||130||140||121||116||124||129||131||188||185||214||184||135||64 ||64||95 ||95||82 ||82||86 ||86||115||81 ||81||86 ||86||108|
|96 ||96||67 ||67||156||162||134||47 ||47||80 ||80||143||173||162||156||150||132||106||42 ||42||48 ||48||51 ||51||59 ||59||52 ||52||48 ||48||84 ||84||43 ||43||57 ||57||45 ||45||72 ||72||54 ||54||55 ||55||69 ||69||75 ||75||61 ||61||97 ||97||123||106||38 ||38||136||83 ||83||48 ||48||59 ||59||61 ||61||49 ||49||64 ||64||60 ||60||48 ||48||53 ||53||100||83 ||83||47 ||47||82 ||82||114||95 ||95||106||114||124||100||122||139||130||145||152||143||173||172||186||173||190||179||183||192||204||135||44 ||44||57 ||57||77 ||77||127||139||122||140||144||113||136||126||130||118||116||112||148||176||201||201||195||175||101||70 ||70||79 ||79||81 ||81||99 ||99||86 ||86||94 ||94||85 ||85||121|
|95 ||95||52 ||52||141||150||126||53 ||53||81 ||81||122||164||173||154||161||117||107||52 ||52||52 ||52||61 ||61||51 ||51||49 ||49||51 ||51||105||49 ||49||45 ||45||49 ||49||53 ||53||71 ||71||47 ||47||69 ||69||79 ||79||59 ||59||95 ||95||126||95 ||95||49 ||49||161||71 ||71||44 ||44||60 ||60||49 ||49||53 ||53||55 ||55||59 ||59||55 ||55||45 ||45||86 ||86||78 ||78||67 ||67||101||99 ||99||104||113||110||119||121||113||141||124||134||137||145||147||149||164||180||189||192||191||186||205||211||62 ||62||44 ||44||90 ||90||141||142||144||136||143||118||131||137||114||109||113||155||178||211||197||212||207||150||73 ||73||74 ||74||89 ||89||106||102||86 ||86||70 ||70||79 ||79||98 ||98|
|92 ||92||47 ||47||135||171||132||60 ||60||85 ||85||147||175||161||172||141||136||71 ||71||49 ||49||49 ||49||50 ||50||50 ||50||57 ||57||63 ||63||109||48 ||48||46 ||46||59 ||59||50 ||50||54 ||54||43 ||43||48 ||48||87 ||87||51 ||51||112||115||110||68 ||68||145||94 ||94||47 ||47||49 ||49||51 ||51||41 ||41||60 ||60||49 ||49||50 ||50||84 ||84||107||96 ||96||43 ||43||81 ||81||101||113||108||102||121||123||138||137||127||127||147||157||162||171||170||167||181||187||190||193||214||209||120||46 ||46||100||136||128||132||141||119||131||132||118||130||111||112||187||201||199||207||201||194||104||101||80 ||80||90 ||90||105||84 ||84||79 ||79||108||90 ||90||107|
|91 ||91||57 ||57||116||161||147||44 ||44||85 ||85||155||165||172||171||156||124||64 ||64||51 ||51||53 ||53||59 ||59||48 ||48||47 ||47||74 ||74||71 ||71||41 ||41||58 ||58||57 ||57||50 ||50||59 ||59||46 ||46||44 ||44||84 ||84||78 ||78||103||124||103||141||93 ||93||70 ||70||48 ||48||55 ||55||54 ||54||50 ||50||54 ||54||47 ||47||52 ||52||88 ||88||115||72 ||72||62 ||62||104||112||107||122||119||109||115||122||108||130||139||141||151||161||172||173||175||191||193||189||198||185||199||178||30 ||30||98 ||98||151||141||126||133||125||143||123||126||115||121||116||196||205||206||187||211||149||104||88 ||88||70 ||70||104||75 ||75||88 ||88||76 ||76||76 ||76||93 ||93||90 ||90|
|96 ||96||38 ||38||123||164||132||68 ||68||86 ||86||144||178||159||167||150||128||81 ||81||52 ||52||49 ||49||45 ||45||57 ||57||48 ||48||45 ||45||83 ||83||52 ||52||54 ||54||53 ||53||45 ||45||64 ||64||49 ||49||56 ||56||41 ||41||85 ||85||104||111||73 ||73||79 ||79||108||96 ||96||89 ||89||91 ||91||75 ||75||50 ||50||55 ||55||49 ||49||61 ||61||104||118||82 ||82||66 ||66||93 ||93||99 ||99||108||104||125||116||114||117||118||123||142||130||150||128||151||166||169||179||186||199||189||197||196||201||57 ||57||103||143||139||129||129||141||119||142||131||106||115||155||196||198||199||209||188||132||89 ||89||78 ||78||86 ||86||100||89 ||89||75 ||75||112||83 ||83||80 ||80||107|
|89 ||89||41 ||41||122||148||163||51 ||51||81 ||81||150||166||178||161||162||126||62 ||62||50 ||50||54 ||54||45 ||45||50 ||50||49 ||49||54 ||54||56 ||56||58 ||58||46 ||46||49 ||49||60 ||60||55 ||55||59 ||59||67 ||67||45 ||45||74 ||74||102||88 ||88||115||64 ||64||58 ||58||49 ||49||46 ||46||61 ||61||66 ||66||62 ||62||57 ||57||61 ||61||87 ||87||107||105||86 ||86||69 ||69||85 ||85||114||108||127||110||114||116||128||132||100||136||128||139||155||146||168||172||180||186||203||203||199||200||203||95 ||95||132||140||131||127||121||118||144||124||131||120||115||134||209||204||199||190||188||98 ||98||89 ||89||75 ||75||95 ||95||85 ||85||71 ||71||76 ||76||89 ||89||89 ||89||72 ||72||94 ||94|
|80 ||80||53 ||53||86 ||86||161||145||86 ||86||66 ||66||148||162||157||159||172||148||77 ||77||66 ||66||45 ||45||58 ||58||54 ||54||51 ||51||45 ||45||61 ||61||53 ||53||55 ||55||52 ||52||40 ||40||49 ||49||57 ||57||57 ||57||59 ||59||84 ||84||105||71 ||71||83 ||83||93 ||93||90 ||90||36 ||36||50 ||50||52 ||52||56 ||56||43 ||43||47 ||47||73 ||73||87 ||87||102||109||66 ||66||89 ||89||112||112||124||119||122||114||130||104||114||127||130||124||135||158||149||145||154||170||184||197||179||184||183||197||137||111||114||142||122||127||148||136||148||143||111||109||125||154||183||210||208||148||99 ||99||80 ||80||65 ||65||81 ||81||68 ||68||72 ||72||77 ||77||73 ||73||87 ||87||86 ||86||100|
|84 ||84||33 ||33||107||154||134||75 ||75||71 ||71||132||159||175||162||145||133||86 ||86||42 ||42||44 ||44||56 ||56||44 ||44||43 ||43||50 ||50||49 ||49||51 ||51||51 ||51||51 ||51||43 ||43||52 ||52||64 ||64||49 ||49||75 ||75||45 ||45||56 ||56||94 ||94||40 ||40||108||93 ||93||49 ||49||58 ||58||46 ||46||57 ||57||49 ||49||57 ||57||71 ||71||108||89 ||89||100||69 ||69||108||119||116||120||109||131||122||122||115||123||109||128||118||141||140||151||167||171||165||191||171||196||200||194||193||211||124||86 ||86||107||99 ||99||110||118||159||132||120||148||140||127||120||165||200||193||142||98 ||98||91 ||91||75 ||75||66 ||66||61 ||61||88 ||88||80 ||80||78 ||78||86 ||86||84 ||84||94 ||94|
|96 ||96||51 ||51||74 ||74||149||159||79 ||79||65 ||65||136||146||176||157||157||119||74 ||74||55 ||55||49 ||49||46 ||46||55 ||55||51 ||51||50 ||50||56 ||56||53 ||53||49 ||49||41 ||41||47 ||47||47 ||47||56 ||56||75 ||75||115||54 ||54||44 ||44||53 ||53||63 ||63||82 ||82||68 ||68||45 ||45||54 ||54||52 ||52||46 ||46||62 ||62||60 ||60||82 ||82||87 ||87||107||61 ||61||62 ||62||95 ||95||114||129||127||124||109||119||112||119||109||125||121||143||128||144||155||154||158||183||170||179||188||203||200||187||211||109||61 ||61||65 ||65||72 ||72||77 ||77||85 ||85||103||109||129||130||141||138||123||192||206||187||95 ||95||62 ||62||69 ||69||71 ||71||47 ||47||89 ||89||78 ||78||82 ||82||83 ||83||87 ||87||88 ||88||77 ||77|
|93 ||93||54 ||54||75 ||75||165||176||111||71 ||71||144||169||154||165||151||114||77 ||77||55 ||55||51 ||51||37 ||37||49 ||49||54 ||54||57 ||57||47 ||47||54 ||54||60 ||60||57 ||57||60 ||60||56 ||56||52 ||52||58 ||58||75 ||75||123||76 ||76||85 ||85||68 ||68||43 ||43||66 ||66||42 ||42||54 ||54||56 ||56||47 ||47||60 ||60||64 ||64||96 ||96||100||95 ||95||45 ||45||94 ||94||111||104||116||116||107||126||119||123||134||115||114||123||124||122||153||143||148||157||161||174||171||189||189||194||192||196||136||84 ||84||75 ||75||84 ||84||72 ||72||69 ||69||61 ||61||55 ||55||79 ||79||110||137||166||164||201||192||137||74 ||74||48 ||48||73 ||73||64 ||64||88 ||88||98 ||98||76 ||76||77 ||77||99 ||99||85 ||85||57 ||57||83 ||83|
|94 ||94||52 ||52||75 ||75||148||162||105||61 ||61||134||161||168||158||150||97 ||97||91 ||91||54 ||54||61 ||61||47 ||47||46 ||46||63 ||63||44 ||44||67 ||67||49 ||49||51 ||51||40 ||40||54 ||54||40 ||40||43 ||43||57 ||57||58 ||58||111||116||66 ||66||79 ||79||46 ||46||56 ||56||59 ||59||43 ||43||44 ||44||51 ||51||58 ||58||84 ||84||113||105||45 ||45||62 ||62||91 ||91||124||119||122||125||115||136||124||131||104||122||135||124||108||120||140||134||142||148||160||174||167||172||210||210||188||188||199||83 ||83||84 ||84||103||92 ||92||68 ||68||55 ||55||51 ||51||48 ||48||58 ||58||177||176||166||202||176||87 ||87||55 ||55||60 ||60||63 ||63||66 ||66||101||68 ||68||89 ||89||84 ||84||90 ||90||69 ||69||52 ||52||68 ||68|
|113||77 ||77||88 ||88||172||157||116||73 ||73||128||173||163||176||170||91 ||91||98 ||98||46 ||46||49 ||49||50 ||50||53 ||53||50 ||50||54 ||54||48 ||48||43 ||43||56 ||56||53 ||53||51 ||51||52 ||52||52 ||52||51 ||51||57 ||57||59 ||59||93 ||93||100||70 ||70||47 ||47||51 ||51||46 ||46||46 ||46||50 ||50||55 ||55||64 ||64||106||91 ||91||53 ||53||71 ||71||107||98 ||98||124||110||110||91 ||91||128||128||109||117||129||109||114||105||128||143||119||138||138||147||152||145||181||190||181||195||185||185||200||68 ||68||90 ||90||109||88 ||88||94 ||94||76 ||76||56 ||56||47 ||47||53 ||53||166||171||184||188||120||58 ||58||56 ||56||56 ||56||67 ||67||86 ||86||82 ||82||74 ||74||88 ||88||96 ||96||98 ||98||82 ||82||64 ||64||76 ||76|
|108||93 ||93||103||152||177||137||81 ||81||112||160||162||177||173||99 ||99||82 ||82||50 ||50||43 ||43||55 ||55||50 ||50||46 ||46||45 ||45||52 ||52||60 ||60||61 ||61||61 ||61||55 ||55||42 ||42||61 ||61||63 ||63||47 ||47||49 ||49||98 ||98||62 ||62||63 ||63||47 ||47||53 ||53||45 ||45||44 ||44||54 ||54||76 ||76||101||87 ||87||55 ||55||74 ||74||98 ||98||106||116||115||101||117||125||110||120||128||126||119||122||128||139||123||120||147||147||129||149||148||159||169||166||190||183||188||203||191||129||82 ||82||85 ||85||93 ||93||86 ||86||87 ||87||76 ||76||68 ||68||67 ||67||173||206||150||109||60 ||60||42 ||42||54 ||54||70 ||70||79 ||79||90 ||90||60 ||60||63 ||63||87 ||87||96 ||96||89 ||89||69 ||69||51 ||51||77 ||77|
|102||85 ||85||84 ||84||136||171||131||68 ||68||120||153||164||168||163||94 ||94||76 ||76||47 ||47||51 ||51||45 ||45||44 ||44||64 ||64||61 ||61||40 ||40||67 ||67||50 ||50||71 ||71||62 ||62||50 ||50||65 ||65||42 ||42||74 ||74||57 ||57||93 ||93||101||44 ||44||48 ||48||57 ||57||49 ||49||53 ||53||56 ||56||64 ||64||47 ||47||54 ||54||76 ||76||102||95 ||95||109||108||113||122||130||108||117||113||112||116||127||110||124||109||122||123||127||134||145||146||138||168||167||161||193||183||202||194||196||158||70 ||70||89 ||89||103||90 ||90||100||80 ||80||92 ||92||92 ||92||145||157||81 ||81||65 ||65||63 ||63||54 ||54||67 ||67||89 ||89||86 ||86||67 ||67||63 ||63||77 ||77||101||104||81 ||81||53 ||53||51 ||51||79 ||79|
|97 ||97||62 ||62||68 ||68||135||165||144||99 ||99||128||140||167||171||171||101||48 ||48||43 ||43||43 ||43||59 ||59||60 ||60||42 ||42||57 ||57||44 ||44||63 ||63||48 ||48||68 ||68||81 ||81||39 ||39||59 ||59||65 ||65||66 ||66||59 ||59||78 ||78||86 ||86||61 ||61||54 ||54||47 ||47||46 ||46||52 ||52||56 ||56||78 ||78||68 ||68||89 ||89||101||108||115||109||120||122||125||105||113||128||119||122||125||123||141||115||128||127||125||122||128||137||158||154||152||155||168||182||190||180||189||196||187||59 ||59||93 ||93||94 ||94||101||94 ||94||100||92 ||92||100||96 ||96||80 ||80||64 ||64||81 ||81||86 ||86||56 ||56||81 ||81||98 ||98||71 ||71||57 ||57||69 ||69||88 ||88||113||105||78 ||78||44 ||44||55 ||55||83 ||83|
|99 ||99||50 ||50||62 ||62||135||190||176||89 ||89||117||169||185||176||164||84 ||84||59 ||59||52 ||52||52 ||52||51 ||51||46 ||46||52 ||52||54 ||54||45 ||45||78 ||78||55 ||55||75 ||75||74 ||74||76 ||76||62 ||62||77 ||77||48 ||48||73 ||73||63 ||63||77 ||77||44 ||44||46 ||46||46 ||46||55 ||55||53 ||53||82 ||82||86 ||86||96 ||96||101||105||105||97 ||97||99 ||99||109||90 ||90||114||115||117||121||104||116||139||127||137||121||144||112||119||134||126||139||120||153||144||144||188||169||181||178||186||196||202||89 ||89||81 ||81||88 ||88||101||122||120||107||99 ||99||104||80 ||80||98 ||98||84 ||84||68 ||68||76 ||76||86 ||86||72 ||72||65 ||65||65 ||65||80 ||80||100||116||75 ||75||62 ||62||55 ||55||39 ||39||68 ||68|
|94 ||94||53 ||53||56 ||56||150||181||185||125||125||163||161||162||153||96 ||96||44 ||44||45 ||45||37 ||37||56 ||56||54 ||54||68 ||68||60 ||60||41 ||41||84 ||84||43 ||43||74 ||74||46 ||46||92 ||92||53 ||53||77 ||77||47 ||47||56 ||56||54 ||54||64 ||64||85 ||85||55 ||55||44 ||44||60 ||60||59 ||59||85 ||85||96 ||96||114||100||96 ||96||122||107||109||102||124||103||111||114||113||131||109||124||130||128||137||124||140||126||118||132||130||139||147||155||151||147||180||200||195||193||184||210||129||92 ||92||76 ||76||92 ||92||89 ||89||112||108||106||93 ||93||110||110||91 ||91||89 ||89||78 ||78||67 ||67||69 ||69||64 ||64||94 ||94||92 ||92||108||98 ||98||70 ||70||59 ||59||57 ||57||51 ||51||85 ||85|
|125||81 ||81||97 ||97||167||211||192||148||159||185||185||184||181||114||91 ||91||89 ||89||105||98 ||98||101||94 ||94||89 ||89||105||115||109||122||107||118||103||130||91 ||91||104||88 ||88||95 ||95||105||126||108||102||111||130||140||145||134||142||140||132||133||141||151||146||154||137||144||163||148||161||144||141||148||154||157||167||139||163||157||149||173||167||174||174||181||187||203||186||191||195||179||118||122||124||133||138||154||138||141||156||140||118||124||108||112||111||113||125||142||134||106||96 ||96||97 ||97||104||116||138|
